"x"
3.64575681002113
3.64575681002113
3.58339802169803
3.57380787097045
3.54337442648916
3.48101563816605
3.48101563816605
3.40325550101461
3.40325550101461
3.38168997512085
3.34089671269151
3.34089671269151
3.25382460920407
3.23851432915953
3.23851432915953
3.22853005885305
3.16617127052994
3.16617127052994
3.09839540368499
3.06716607792214
3.06378888699797
3.02310117765725
3.02310117765724
2.96074238933414
2.96074238933414
2.92366996152342
2.92366996152342
2.85836000580217
2.85836000580217
2.81335437200972
2.79155779917212
2.74954259973404
2.72919901084902
2.72919901084902
2.71824108032762
2.71824108032762
2.62930385918643
2.62681662731704
2.54351563816605
2.54351563816605
2.53907221985911
2.53907221985911
2.48669770184249
2.48669770184249
2.47671343153601
2.47671343153601
2.37433104800403
2.37433104800403
2.33808675697025
2.31392948480078
2.31197225968093
2.28785189145748
2.27128455034021
2.23421212252949
2.23421212252948
2.20892576201711
2.20892576201711
2.10846470554276
2.10654337848513
2.10654337848513
2.10654337848513
2.05948668036792
2.05948668036792
1.99417672464666
1.99417672464666
1.96642445301058
1.96642445301058
1.93181793632356
1.93181793632356
1.87537447271827
1.85405779917212
1.85405779917212
1.82943555279158
1.82943555279158
1.79268049243668
1.79169901084902
1.72681068972326
1.71393887369757
1.68931662731704
1.68931662731704
1.65158008537447
1.65158008537447
1.62251442068699
1.62251442068699
1.58627012965322
1.58627012965322
1.55062960760176
1.54919770184249
1.51459118515547
1.51459118515547
1.43683104800403
1.43683104800403
1.40907877636795
1.40907877636795
1.37447225968093
1.37447225968093
1.37002884137398
1.35520800781177
1.35472675116809
1.30916230395967
1.30916230395967
1.27208987614895
1.27208987614895
1.23502155379348
1.23435333420638
1.1778467843134
1.16904337848513
1.1319709506744
1.1319709506744
1.10668459016203
1.10668459016202
1.10224117185508
1.10224117185508
1.07761892547455
1.07761892547455
1.02892445301058
1.02892445301058
1.00528470825109
1.00430220663005
0.957245508512837
0.957245508512835
0.916557799172118
0.916557799172117
0.864183281155502
0.864183281155499
0.854199010849015
0.854199010849013
0.834607220175896
0.825133346161538
0.825133346161537
0.797708419449755
0.797381074525454
0.751816627317039
0.751816627317038
0.751816627317036
0.751816627317036
0.691481600328554
0.689457838993934
0.688618134348452
0.685014420686992
0.62265563236389
0.62265563236389
0.611697701842492
0.611697701842491
0.557345676642636
0.557345676642635
0.544895495212446
0.544895495212445
0.520859576358118
0.520273248831912
0.520273248831909
0.520273248831909
0.484028957798137
0.484028957798136
0.479585539491196
0.479585539491191
0.436972259680926
0.436972259680925
0.41722675116809
0.417226751168088
0.380154323357366
0.380154323357365
0.314844367636112
0.314844367636111
0.307310593165901
0.304860097329627
0.280237850949091
0.277289501015313
0.277107825693542
0.267787669518903
0.267787669518901
0.252679426312508
0.252485579313011
0.242501309006522
0.242501309006521
0.231543378485126
0.231543378485124
0.20564611137568
0.2054288811958
0.174725442161566
0.174725442161566
0.164741171855078
0.164741171855078
0.140390991901396
0.140118925474545
0.102382383531978
0.102382383531978
0.0629748994976605
0.062358788323102
4.84654737089414e-15
3.27509342270388e-15
2.15101369490944e-15
3.14730970748785e-16
2.97316974547411e-16
2.95968046339288e-16
2.24164536362118e-16
1.93520987597372e-16
1.42756736752972e-16
6.3484832091424e-17
6.05709899393764e-17
1.27974087166956e-17
-1.08400715595161e-16
-1.25471029395306e-16
-2.21215164308143e-16
-2.31105479719452e-16
-3.46867611738247e-16
-3.72263062636166e-16
-6.76327302963297e-16
-3.80573176987521e-15
-2.54453302051752e-14
-0.0623587883231016
-0.0623587883231027
-0.102312084154588
-0.102382383531977
-0.140118925474546
-0.140118925474547
-0.164741171855079
-0.164741171855082
-0.174623504805364
-0.174725442161565
-0.205428881195799
-0.2054288811958
-0.231426593718763
-0.231543378485127
-0.242501309006523
-0.242501309006523
-0.252485579313009
-0.252485579313011
-0.267663893465899
-0.267787669518902
-0.277107825693544
-0.277107825693548
-0.280175729375349
-0.304860097329625
-0.304860097329628
-0.314844367636111
-0.314844367636114
-0.380154323357365
-0.380154323357367
-0.417200760096137
-0.417226751168091
-0.436972259680925
-0.436972259680925
-0.479585539491186
-0.479585539491195
-0.484028957798135
-0.484028957798136
-0.520273248831907
-0.520273248831908
-0.52027324883191
-0.520273248831912
-0.544895495212444
-0.544895495212448
-0.557345676642634
-0.557345676642639
-0.611644662764067
-0.61169770184249
-0.622655632363889
-0.62265563236389
-0.685014420686992
-0.685014420686993
-0.689457838993934
-0.689457838993935
-0.751746424539403
-0.751816627317036
-0.751816627317039
-0.751816627317043
-0.797381074525456
-0.797381074525457
-0.825055032473809
-0.825133346161536
-0.83445350233618
-0.854185618104167
-0.854199010849019
-0.864183281155501
-0.864183281155501
-0.916557799172118
-0.91655779917212
-0.957245508512835
-0.95724550851284
-1.00430220663005
-1.00430220663005
-1.02892445301058
-1.02892445301058
-1.07761892547455
-1.07761892547455
-1.10224117185508
-1.10224117185508
-1.10668459016203
-1.10668459016203
-1.13193951187679
-1.1319709506744
-1.16904337848513
-1.16904337848513
-1.23435333420638
-1.23435333420638
-1.27208987614895
-1.27208987614895
-1.30911869412094
-1.30916230395967
-1.35472675116809
-1.3547267511681
-1.37000492396648
-1.37446439980213
-1.37447225968093
-1.40907877636795
-1.40907877636795
-1.43683104800403
-1.43683104800403
-1.51459118515547
-1.51459118515547
-1.54919770184249
-1.54919770184249
-1.58627012965322
-1.58627012965322
-1.62251442068699
-1.62251442068699
-1.65158008537447
-1.65158008537447
-1.68929730216303
-1.68931662731704
-1.71393887369757
-1.71393887369757
-1.79169901084901
-1.79169901084902
-1.82943555279158
-1.82943555279159
-1.85403155164744
-1.85405779917212
-1.875
-1.931813105708
-1.93181793632356
-1.96642445301058
-1.96642445301058
-1.99417672464666
-1.99417672464667
-2.05948668036792
-2.05948668036792
-2.10654337848513
-2.10654337848513
-2.10654337848513
-2.10654337848513
-2.20892576201711
-2.20892576201711
-2.23420058058893
-2.23421212252949
-2.27128455034021
-2.27128455034021
-2.31197225968092
-2.31197225968093
-2.33807961183792
-2.37433104800403
-2.37433104800403
-2.47671055852236
-2.47671343153601
-2.48669770184249
-2.4866977018425
-2.53907221985911
-2.53907221985911
-2.54351563816605
-2.54351563816605
-2.62681662731704
-2.62681662731704
-2.71823483271485
-2.71824108032762
-2.72919901084901
-2.72919901084902
-2.74894451936185
-2.79155779917212
-2.79155779917212
-2.85836000580216
-2.85836000580216
-2.92366996152342
-2.92366996152342
-2.96074083913327
-2.96074238933414
-3.02310117765724
-3.02310117765725
-3.06378888699796
-3.06378888699798
-3.09839404338208
-3.16617127052994
-3.16617127052995
-3.22853005885305
-3.22853005885305
-3.23851432915953
-3.23851432915953
-3.34089603913745
-3.34089671269151
-3.37863325463408
-3.40325550101461
-3.40325550101461
-3.48101563816605
-3.48101563816605
-3.54337442648916
-3.54337442648916
-3.58339793842841
-3.64575681002113
-3.64575681002114
-3.70811559834423
