"x"
3.69610035649545
3.6733019544096
3.63069279701028
3.61788380735265
3.60141122472129
3.5869945399762
3.57406434990397
3.53600366523613
3.52338498120926
3.48745655906861
3.48745252594956
3.45586396241766
3.44718292408115
3.42869584943512
3.42152605193069
3.38177536459599
3.37669211334488
3.36007844323414
3.33432186090731
3.29287692360236
3.28200298157073
3.27446754879498
3.25514009700822
3.23866751437686
3.21132063955954
3.20661034333323
3.19492764229928
3.19405254990876
3.1732599548917
3.12777468093059
3.12470881560513
3.09936341813461
3.09448528943469
3.06595213909069
3.04161007786387
3.01649413347713
2.99733473288971
2.99587111794358
2.98296573779923
2.97974720746974
2.95707959696472
2.94513511749448
2.91925927122631
2.91755817831407
2.88505807569559
2.87007724175008
2.86455397227554
2.84201304465608
2.83218393195485
2.81025036251306
2.76757458638543
2.74206792245731
2.73879922161778
2.73661970779019
2.73082977505545
2.7052577943005
2.68878521166914
2.66355749464868
2.66143833685182
2.64411008984364
2.63312740759915
2.62337765218398
2.61444747992992
2.61212933148497
2.57677771639484
2.57482651289741
2.52231436535116
2.51606983638297
2.51538912482941
2.4898817892035
2.48091793121256
2.47685620892324
2.44745243018199
2.40483087604101
2.39745577917444
2.38216707714909
2.37749069276897
2.36937696851858
2.36614390097329
2.36139263643327
2.34245318005946
2.33914899474233
2.30073634148813
2.28230162924713
2.28136637949921
2.26661258877353
2.2527021984724
2.24522574675189
2.22793877650895
2.20005789159105
2.19342852568711
2.18673740508247
2.15264541448498
2.14930826432455
2.12512229523134
2.1053687598169
2.09129851148662
2.08324510489143
2.06011585907696
2.04673565782273
2.04250155121319
2.02602896858183
2.02566460292158
2.01942336680466
1.99868209376451
1.97243206264344
1.96341685275515
1.96062140909667
1.95986327453398
1.95114045917676
1.91489218757612
1.9120702698101
1.8970975651171
1.88248203640746
1.86409609438661
1.85494857333328
1.85331359329565
1.82020305580197
1.80947663490111
1.78469618709468
1.77330624929803
1.76372159022703
1.76074583140478
1.74262504947247
1.73148407679149
1.70662072543127
1.70612488571542
1.68002262059445
1.67656780446434
1.66597475516183
1.65356777988755
1.64979075194759
1.6280431392853
1.62688514812969
1.61954538615982
1.61461506110929
1.60276311177726
1.60067314241072
1.56644328351863
1.53335400751115
1.53241480411506
1.52398116199515
1.52254493562988
1.50730724530827
1.48751557171824
1.48692327289485
1.46954106409694
1.45745934545754
1.43888987925619
1.42048886180411
1.40884276609564
1.3914021004494
1.37912570687101
1.36061437744389
1.35638027083434
1.34623424528856
1.34507237895925
1.33990768820299
1.33259973369974
1.31382409411991
1.31256081338567
1.30967581955613
1.28021137556081
1.27450012871783
1.27367341700873
1.25154511351442
1.2373589636958
1.22594898943126
1.21052731369
1.20175756887991
1.19274274676475
1.19219233024597
1.17797481400777
1.17061029716672
1.16719231291681
1.14689975340109
1.11460378311722
1.09857490671584
1.09731681287428
1.07607086721104
1.07459133816303
1.06872783370418
1.05823333028636
1.050790839703
1.03971857152382
1.02865839010497
1.02049944505243
1.01726637750714
1.01001563335272
0.990512460782004
0.981381735436896
0.963669471568747
0.960513685084765
0.951858818021976
0.948230846676447
0.940006868689946
0.933424105780979
0.914908520589097
0.907577042749818
0.903533601225154
0.888801403169987
0.870101436068901
0.852660770422665
0.846251634065609
0.844551002220963
0.837859881616312
0.827153434796756
0.823885405655019
0.806784821009627
0.776061093661538
0.773021392976838
0.763941791412186
0.751860072772785
0.739558434008399
0.734367581425273
0.729196273880871
0.728206447217565
0.723085851377041
0.722721485716796
0.707127991264079
0.698533490311343
0.69785813435658
0.695738976559724
0.669843490612426
0.657678291891883
0.633099626592359
0.623554539177286
0.620727994459003
0.618638025092468
0.611712784570715
0.610861428208849
0.609127152605316
0.595588874096874
0.59405322754954
0.584935732053966
0.574967973240732
0.550370476090867
0.529986503677441
0.515218570920462
0.50607104986713
0.500899742322728
0.49624172313877
0.492827996277032
0.489917060078239
0.486408791383935
0.481753069889891
0.478776087397252
0.467384074799414
0.460778473022248
0.457559911926966
0.441353597909329
0.440314000948335
0.411776578726698
0.403677608226487
0.401976515314256
0.397407442131688
0.396532349741169
0.388034596615689
0.382606553325335
0.366452563536443
0.362936248514839
0.353536363866282
0.346671441682588
0.338919100462265
0.323878059104535
0.316602268955035
0.309785144063144
0.301843217967022
0.300913228481435
0.298086683763152
0.294668699513242
0.275341247726484
0.258868665095124
0.253885588311104
0.248969074226287
0.244820799662506
0.243237758196695
0.234256835717234
0.231521790277806
0.231381548806311
0.226108981040915
0.221038044790367
0.21476787869557
0.201977770065064
0.193461105609967
0.183980155690061
0.183468700206601
0.162957316256576
0.156169925857589
0.147975831648859
0.147614917326884
0.144909966323399
0.138156031978299
0.136692417032164
0.121827105411321
0.120663540630786
0.117545744599328
0.110750786958815
0.104640364454984
0.104007466090887
0.101185548324875
0.086153289808951
0.0773728150853885
0.0687557223847464
0.0680750108311854
0.0609399279735287
0.0605738413775062
0.0599652426294829
0.0555395102315646
0.0420598854907809
0.0392328049698264
0.0346637317872593
0.0264238153121958
0.0175358836079746
0.0173956421364794
0.0162777897664139
0.00995123268083579
0.00931833431673924
0.00673270235134004
4.44089209850063e-16
-0.00670143116625485
-0.00928883853454691
-0.00993102107372096
-0.0162777897664145
-0.0173956421364805
-0.0175358836079767
-0.026423815312199
-0.0346637317872611
-0.0392328049698276
-0.0420282486283097
-0.0554563268043244
-0.0599652426294829
-0.0605395780554295
-0.0609004923774075
-0.0680750108311903
-0.0687266430469681
-0.0772934896376687
-0.0861316883971668
-0.101185548324874
-0.104007466090889
-0.104640364454987
-0.110750786958815
-0.117545744599329
-0.120635468988997
-0.121112947086349
-0.136677170756067
-0.1381320626152
-0.1449099663234
-0.147614917326881
-0.147975831648858
-0.156134776701401
-0.162764142605336
-0.183429739171279
-0.183980155690061
-0.193451364626627
-0.201977770065065
-0.214767878695571
-0.221016208933988
-0.226051293312265
-0.231381548806312
-0.231521790277807
-0.23421528350061
-0.24317914149155
-0.244794997402248
-0.248969074226288
-0.253885588311106
-0.258866217743836
-0.275341247726483
-0.294668699513241
-0.298086683763152
-0.300913228481434
-0.30183397788661
-0.309457010469715
-0.316602268955034
-0.323837142625047
-0.338896351765297
-0.346671441682589
-0.353425376027689
-0.36293624851484
-0.366434932024275
-0.382584963713734
-0.388034596615689
-0.39653234974117
-0.397407442131689
-0.401976515314255
-0.403663466406487
-0.411726270729424
-0.440037199982097
-0.441300480716335
-0.457484483930576
-0.460778473022248
-0.467384074799414
-0.478776087397253
-0.481753069889893
-0.483856657430772
-0.489917060078238
-0.492096573905836
-0.496158296195158
-0.500893480070018
-0.506071049867131
-0.515218570920462
-0.529966000069903
-0.55036243050293
-0.57496797324073
-0.584935732053966
-0.594000520702566
-0.595588874096878
-0.609127152605316
-0.610782795085129
-0.611712784570716
-0.618624596521352
-0.620710098743087
-0.623538720511912
-0.633099626592359
-0.65767469257288
-0.669843490612427
-0.695738976559723
-0.697858134356581
-0.698432469782528
-0.706401916344861
-0.722721485716795
-0.723084946040962
-0.728149529007149
-0.729191770454057
-0.734367581425273
-0.739558434008405
-0.751860072772786
-0.763941791412187
-0.772956613527346
-0.775933596019986
-0.806768846393303
-0.823885405655018
-0.827153434796757
-0.837848739740509
-0.844551002220962
-0.846185982258591
-0.852660770422667
-0.870101436068902
-0.888791172000067
-0.90330767873541
-0.90756293174827
-0.914908520589096
-0.933424105780979
-0.940006868689947
-0.947349902196818
-0.951858818021978
-0.960375482477077
-0.963669471568747
-0.981378365380908
-0.989919502689817
-1.00995842300389
-1.01726637750713
-1.02049227831775
-1.02865839010497
-1.03373896013849
-1.050790839703
-1.05812231754228
-1.06871571913706
-1.07448251381673
-1.07607086721104
-1.09731681287428
-1.09857490671584
-1.11460378311721
-1.14689975340109
-1.16718825448446
-1.1706023322284
-1.17797481400777
-1.19219233024597
-1.19273170064995
-1.20175756887991
-1.20929291489136
-1.22594898943126
-1.23717379980926
-1.2515425324174
-1.27353903817244
-1.27449832433446
-1.28012180108141
-1.30966696766254
-1.31256081338567
-1.31382409411991
-1.33259973369974
-1.33990723635472
-1.34497136583309
-1.34623424528856
-1.35638027083435
-1.36061437744389
-1.37912570687101
-1.3914021004494
-1.40884276609564
-1.42048886180411
-1.4386898391073
-1.4574531127864
-1.46953254875972
-1.48609123222355
-1.48692327289485
-1.50730724530827
-1.5223395038242
-1.52397503204707
-1.53230726263743
-1.53335200754719
-1.56606392182272
-1.60067314241072
-1.60276311177726
-1.61461506110929
-1.61954538615982
-1.62678025982983
-1.6280431392853
-1.64979075194759
-1.65267574577713
-1.66597475516183
-1.67656780446434
-1.68002262059445
-1.69649520322581
-1.70661680610134
-1.73147766615473
-1.74262021452164
-1.76060379419557
-1.76372159022703
-1.77125693623848
-1.78469618709468
-1.80918855211501
-1.82020149897212
-1.85331139066553
-1.85494857333328
-1.86409609438661
-1.88248203640746
-1.89694363790735
-1.9120702698101
-1.91489218757611
-1.95114045917676
-1.95966031855128
-1.96062042965417
-1.96341685275515
-1.97242741177004
-1.99868209376451
-2.01941966097242
-2.02566460292158
-2.02602872395233
-2.04250155121318
-2.04673565782273
-2.0581059845293
-2.08324510489142
-2.09099744611175
-2.1053675551213
-2.12481111948614
-2.14912909946338
-2.15264541448498
-2.1867342023588
-2.19342852568711
-2.20005789159105
-2.22793877650895
-2.24522574675189
-2.25218520220156
-2.26661258877353
-2.28136360605035
-2.28230162924713
-2.30073634148813
-2.33879702615597
-2.33991487852604
-2.36116082418927
-2.36614390097329
-2.36937493023037
-2.37742563102152
-2.38216615758495
-2.38261648360465
-2.404830876041
-2.44745243018199
-2.47685620892324
-2.48091793121256
-2.4898817892035
-2.51538912482941
-2.51606869374369
-2.52231236172399
-2.57482651289741
-2.57648215537723
-2.61007825660356
-2.61334628574529
-2.62337714563397
-2.63312740759915
-2.64410940357142
-2.66143833685182
-2.66355749464868
-2.68878508518635
-2.7052577943005
-2.73082977505545
-2.73661833272983
-2.73879922161778
-2.74163295631208
-2.76757458638543
-2.81025036251306
-2.83218393195485
-2.84164281730343
-2.86226371815958
-2.86900703902751
-2.88505758099678
-2.91755817831408
-2.91925839861771
-2.94513511749447
-2.95561886298191
-2.97974720746974
-2.98296573779923
-2.99587111794358
-2.99733473288971
-2.99943832043059
-3.04069934165914
-3.06595165107965
-3.09056024971772
-3.09936307937679
-3.12470881560514
-3.12777468093059
-3.17325973881131
-3.19405254990876
-3.19492764229928
-3.205850142594
-3.21132063955954
-3.23866746046927
-3.25514009700822
-3.27446754879498
-3.28200276693574
-3.28961677407343
-3.33322422530942
-3.36007844323414
-3.37669211334488
-3.38177536459599
-3.41983604926383
-3.42869572954719
-3.44718292408115
-3.45476757500828
-3.4636555067125
-3.48745252594956
-3.52338498120926
-3.53600361219702
-3.57406434990397
-3.58214165772371
-3.6014112114959
-3.61788380735265
-3.63069279701028
-3.66875348167812
-3.69610035649544
-3.71257293912679
