"x"
3.67682812335642
3.66162204713453
3.62560497081778
3.61978879783439
3.59762082005349
3.55474489911549
3.54640343495041
3.51659397463492
3.49839313544246
3.48173009540444
3.46050268140837
3.4369964619361
3.41729885072866
3.402996193971
3.38708961491462
3.37284125815869
3.34693424092667
3.31692176460376
3.29780175353545
3.28505128669662
3.26340184853606
3.25530480791902
3.22650828807839
3.20666074424194
3.1915343799738
3.17577175752332
3.16869885161524
3.13058801846196
3.12903183182897
3.10688266124262
3.07863496717601
3.06395187150089
3.05775267236002
3.04030838058593
3.0366995128224
3.01454314683056
2.98137425064806
2.9643402481776
2.92853409948606
2.91319453693021
2.91139995304634
2.89966791976753
2.88271556605267
2.86965498930126
2.86338802446241
2.86237339137617
2.80259676040661
2.79517492106237
2.78281111128122
2.76533827623362
2.74523587680028
2.73229243018489
2.71931913012499
2.69891181318672
2.68658794182233
2.67396941469785
2.65895569157516
2.63311001919118
2.63252963066803
2.60729605120364
2.582093718539
2.56734596161298
2.55897153986473
2.52116296904613
2.51395258665584
2.5028950189055
2.49568859640665
2.48530189410586
2.45185986902772
2.44761760353842
2.44515878373117
2.43500036849481
2.40554479243933
2.39810428181179
2.36709885329884
2.35182509235067
2.33018612269693
2.32138744733236
2.31128164700034
2.29417213102853
2.28130793672568
2.26075835284425
2.25773811306782
2.25446276381608
2.23962120944961
2.22992390743152
2.19022504209564
2.18176071979481
2.16963857869034
2.1674789687648
2.12637294232054
2.11027744949523
2.09700940059167
2.08940403575803
2.0852496208407
2.08252984073638
2.05485761052344
2.04911453414277
2.04155702971188
2.03535260724017
2.01971031513502
1.98640990592086
1.98045744272549
1.96406330146758
1.9589582826837
1.92993397786743
1.91987601547977
1.90023131862891
1.88862578977114
1.87762116994064
1.86614364768945
1.85995186711784
1.8557579001299
1.8395625100519
1.83028797319675
1.81290919715466
1.80310929535476
1.78091119439715
1.76590360442151
1.74854865116844
1.74243876553206
1.73223089732368
1.70809492112097
1.69923231243029
1.68478296679634
1.68082731189192
1.66150872980114
1.64685905234382
1.63746834459623
1.62652726375486
1.61987241550093
1.61435551820495
1.60401490558618
1.58373328701139
1.56398426784992
1.54369884373501
1.53738289095635
1.52755201392932
1.519309890277
1.50266677806861
1.48956900179232
1.48285254251637
1.45946865153521
1.45612895264563
1.44689682952921
1.43308431280683
1.4187940940692
1.41357933786272
1.4113445027357
1.38793707738209
1.37461622152932
1.36641185342369
1.34392491184452
1.33683422065141
1.3178292617184
1.31150508616844
1.30797318494349
1.29935849478513
1.29531850358084
1.28306078374361
1.26527909375831
1.25917705409411
1.24053726545152
1.23197127021659
1.210186935146
1.1979895726721
1.19268364689714
1.18106465504532
1.17747293074847
1.16960415493792
1.15777221165659
1.13475130353185
1.12744719299484
1.11054561340245
1.10628521180665
1.09287719678837
1.07871189847212
1.07559273760741
1.07505085782512
1.06602573662626
1.04564104419092
1.03067314589573
1.01983298746072
1.00828617009255
0.996361907150242
0.982640144385522
0.980084529805281
0.97164409957049
0.963427589905073
0.940071515893095
0.926893109712751
0.926381172957634
0.904906198943596
0.90335194794852
0.898711296816631
0.890970581929994
0.876451575165795
0.87187499153887
0.86033480413644
0.855157420784147
0.836160855844901
0.821552076586348
0.813212771612697
0.807984715242055
0.796897250892379
0.794108275191857
0.777968605664538
0.774172878210997
0.759741064499395
0.750622270219261
0.744419306130229
0.72257308078302
0.712829556026605
0.697718457990922
0.692218940397328
0.686693375050851
0.683085353159823
0.67156144844921
0.668573532277195
0.659517907343626
0.646019929313671
0.640447428275397
0.633055777518993
0.620712860501009
0.613628548279194
0.606804539596333
0.603490168817642
0.598896344044223
0.586665325814688
0.579704719020492
0.568519590582776
0.558798034444403
0.548159706216371
0.529532194251133
0.521770636053131
0.511926107788673
0.507402826121815
0.492995929120728
0.485723254534405
0.478118253424568
0.473271621356411
0.462770204514467
0.458748200959607
0.450170864307952
0.442290184633908
0.434753836408829
0.427033815512313
0.421990130751297
0.42034655704157
0.410776417006694
0.402737321997226
0.398347101529555
0.392562314251867
0.380306652771775
0.369680460383212
0.361500247011743
0.355392202631482
0.350147766484834
0.335548490339972
0.333559550388094
0.32447710057773
0.316512227838453
0.302990775094598
0.297227765643691
0.286777699248004
0.280639147640332
0.276973577244024
0.266258065979989
0.262438140059537
0.25196527778903
0.244929253482787
0.240818282301364
0.227586309177216
0.222115568069882
0.215158274167615
0.207551391961394
0.203246972158909
0.199676183649746
0.193616004699135
0.191878939634567
0.185069131888667
0.175636449802818
0.171958001559707
0.169592324925802
0.159050116800945
0.150700392345086
0.148617727092059
0.139311668154203
0.126770863872726
0.125882791929071
0.119443436121169
0.112575904872676
0.107135163056582
0.0995579780306328
0.0887900316615919
0.0809901008149199
0.0718366241854134
0.0670109774824765
0.0600135131960857
0.0555271961054413
0.0486421064734778
0.0452129571398591
0.0349273373819563
0.0285747028446014
0.0255586318876935
0.0204087291261326
0.0141745743549346
0.0115593525635619
0.00345801473737807
0.000225503860666433
0.000139449296673455
1.05321020712808e-06
8.85194682615951e-15
-1.05075423025335e-06
-0.000139449955706157
-0.00343730136121697
-0.0115540239337172
-0.0141405086127937
-0.0203782502403458
-0.0254959688279916
-0.0284783480111722
-0.0349097860670398
-0.0451043771404226
-0.0485753256318096
-0.0551447057785981
-0.0599149160734829
-0.0667663326243537
-0.0718282705472117
-0.0807513806951596
-0.0887766731486828
-0.0994800929845905
-0.107106258209252
-0.112518665235139
-0.119431923363775
-0.125843339158283
-0.126754268569484
-0.139234675713102
-0.148579555215644
-0.150676127626568
-0.159027415696709
-0.169421979509698
-0.171954096004356
-0.175602484345334
-0.18501478290013
-0.191875397267986
-0.19349609691017
-0.199490745537315
-0.203083430965358
-0.20754810557221
-0.214989671743399
-0.221867641136333
-0.227564439466103
-0.240674241353918
-0.244899709670135
-0.251931489100679
-0.262387801976017
-0.26625549451562
-0.27689250360594
-0.280502051655573
-0.286756061995736
-0.296968506208692
-0.302973104552928
-0.316177862840394
-0.324322800242257
-0.333371900560857
-0.335492510745621
-0.349544350700888
-0.355375948116794
-0.361488948642423
-0.369665240054943
-0.380068568297162
-0.392407911468744
-0.398247611608626
-0.402699492290004
-0.410539045391387
-0.420081285321259
-0.421771865621354
-0.426592227436394
-0.434734369731368
-0.442272312290824
-0.450170574851836
-0.458675027248698
-0.462621442231095
-0.473137090180445
-0.477965563604864
-0.485571549465893
-0.492909726864547
-0.507356303379301
-0.511889942477096
-0.521186581596615
-0.529433000983948
-0.548106671437298
-0.558653573145311
-0.568509862637645
-0.579689416880195
-0.586662863860474
-0.598797254082415
-0.603459655599547
-0.606772555819326
-0.612438868428578
-0.620424119668998
-0.632937960057816
-0.639877665337141
-0.645990361593166
-0.658914087594745
-0.668570006843984
-0.671064023370879
-0.683037247819608
-0.686670322912621
-0.6921926565432
-0.697417284510694
-0.71279952453975
-0.722452886555901
-0.744398203898555
-0.750614196664302
-0.759708540390297
-0.77403683405013
-0.777736845073632
-0.793275581243923
-0.79685491669503
-0.807839600631744
-0.813182039318236
-0.821447029172279
-0.835960038130162
-0.855148655903233
-0.859859946989884
-0.871659497454005
-0.876382041899862
-0.890777654320876
-0.898602094332328
-0.903321993099806
-0.904769552040546
-0.925812590473278
-0.92682424554478
-0.940057493181264
-0.963381508168722
-0.971593394683811
-0.979368445524296
-0.980706554269006
-0.995834749910937
-1.00796480909043
-1.01964315367081
-1.03034479286974
-1.04562819467161
-1.06591014544761
-1.07496995099087
-1.07546330596624
-1.07867031101766
-1.09276640451745
-1.10617248696412
-1.11052565202084
-1.12710482114325
-1.13470817438205
-1.15772599900159
-1.16950222971509
-1.17741567526692
-1.18101461116783
-1.19250977394945
-1.19797854180741
-1.21011365179948
-1.23196105204666
-1.240313940607
-1.25894083115795
-1.26521134767506
-1.28287472490411
-1.29530940830543
-1.29875005461608
-1.30785182724528
-1.31144467585392
-1.31765257874345
-1.33675036275898
-1.34388001682539
-1.36608844514066
-1.37433170360931
-1.38739236672334
-1.40855347935906
-1.41148477208294
-1.41831278672575
-1.43289185651657
-1.44647890377119
-1.45574437883313
-1.45938554381711
-1.48261055707533
-1.48950555926388
-1.50265966623098
-1.51910770779303
-1.52749707192719
-1.53732826325843
-1.54347873035101
-1.56379120672505
-1.58372903160793
-1.6039837392941
-1.614352395059
-1.61985220167484
-1.62650717288092
-1.63743693344988
-1.64683863862671
-1.66139695089199
-1.68061856075515
-1.68477780445699
-1.69922938889372
-1.70807288531537
-1.73195435065936
-1.74155256715789
-1.74837888119438
-1.76538672139484
-1.78087894623151
-1.80289313255008
-1.8128193924912
-1.83001737659297
-1.83950439414907
-1.85121481762127
-1.8598192055891
-1.86584614947747
-1.87756746670578
-1.88862023812764
-1.89832804366222
-1.9196659137279
-1.92992838002284
-1.9589426212854
-1.96384025274538
-1.9804155646233
-1.98454945204939
-2.01953278882104
-2.03499230558259
-2.04153765478088
-2.04886518881047
-2.05483451854686
-2.0825211248395
-2.08445959672272
-2.08935786142952
-2.09698536877936
-2.11001457719604
-2.12551554793159
-2.1669947381803
-2.16876432087482
-2.18168368056317
-2.19015373148849
-2.228666046852
-2.23943958797279
-2.25365957219916
-2.25770376453255
-2.26013265120336
-2.28126596227975
-2.29385903868551
-2.31086852412523
-2.31976919153367
-2.32497188148156
-2.34839601402423
-2.36638252060113
-2.39767198010958
-2.40554217397942
-2.43338110303288
-2.44510258086444
-2.44761499440348
-2.45185959414614
-2.48528950474444
-2.49565347680267
-2.50137241779611
-2.51355891731547
-2.52111276035938
-2.55844254838953
-2.56716945096303
-2.58204815063462
-2.6070955028347
-2.63189202420237
-2.6326535703399
-2.65895452650618
-2.67125295303533
-2.6862632597068
-2.69806390137259
-2.71905012799757
-2.72407801291259
-2.74234936244158
-2.76524951020556
-2.78268490478609
-2.7950005373519
-2.80255473736502
-2.86200434023696
-2.86331911121969
-2.86962877725298
-2.88265212819702
-2.89960977620789
-2.91104457351057
-2.91311015568165
-2.92850408019755
-2.96413100881898
-2.9805438888462
-3.01275418490324
-3.03663264522777
-3.04010616835217
-3.05770709828453
-3.06369452316082
-3.07241175635089
-3.1000854046412
-3.12780227700437
-3.13022988578567
-3.16685460693644
-3.17575905216127
-3.19056818206812
-3.20663143170558
-3.22644493764091
-3.25530158016323
-3.26336359839207
-3.28432946623632
-3.29779240518375
-3.31320026048823
-3.34523589746457
-3.36820980784689
-3.38708784347411
-3.39928194117971
-3.40780925229445
-3.4361808081905
-3.46050169264439
-3.47779514973312
-3.49831092054416
-3.51625012930094
-3.5450379802167
-3.55434870152694
-3.58880376640003
-3.60793565523272
-3.61978868193969
-3.66108035130319
-3.67677036132578
-3.71557774582664
