	Acer_negundo	Acer_rubrum	Ailanthus_altissima	Amelanchier_arborea	Asimina_triloba	Carpinus_caroliniana	Carya_alba	Carya_cordiformis	Carya_glabra	Celtis_occidentalis	Cephalanthus_occidentalis	Cercis_canadensis	Cornus_florida	Elaeagnus_angustifolia	Fagus_grandifolia	Fraxinus_americana	Fraxinus_pennsylvanica	Ilex_opaca	Ilex_verticillata	Juglans_nigra	Kalmia_latifolia	Ligustrum_sp	Lindera_benzoin	Liquidambar_styraciflua	Liriodendron_tulipifera	Lonicera_mackii	Nyssa_sylvatica	Paulownia_tomentosa	Pinus_taeda	Platanus_occidentalis	Populus_grandidentata	Prunus_avium	Prunus_serotina	Quercus_alba	Quercus_coccinea	Quercus_falcata	Quercus_michauxii	Quercus_palustris	Quercus_prinus	Quercus_rubra	Quercus_stellata	Quercus_velutina	Rhus_typhina	Rosa_multiflora	Salix_nigra	Sambucus_nigra	Tilia_americana	Ulmus_americana	Ulmus_rubra	Viburnum_acerifolium	Viburnum_dentatum	Viburnum_prunifolium
111	0	2	0	0	0	0	0	0	0	0	0	0	0	0	0	0	15	0	0	0	0	0	0	2	0	0	0	0	0	0	0	0	0	0	0	0	0	0	0	0	0	0	0	0	0	1	0	2	0	0	0	0
113	0	0	0	0	0	0	0	0	0	0	1	0	0	0	0	0	10	0	0	0	0	0	0	2	0	0	0	0	0	0	0	0	0	0	1	0	2	0	0	0	0	0	0	0	0	0	0	1	0	0	0	0
115	0	1	0	0	0	6	0	0	0	0	0	0	0	0	13	0	11	0	0	0	0	0	0	14	1	0	7	1	0	0	0	0	0	0	8	0	7	0	0	0	0	0	0	0	0	0	0	1	0	0	0	0
117	0	0	0	0	0	9	0	0	1	0	0	0	0	0	23	0	0	1	0	0	0	0	0	10	0	0	2	0	0	0	0	1	0	1	0	0	3	0	0	0	0	0	0	0	0	0	0	0	0	0	0	0
119	0	1	0	0	0	7	0	0	1	0	0	0	1	0	20	0	0	1	0	0	0	0	0	0	1	0	3	0	0	0	0	0	0	0	0	0	0	0	0	0	0	0	0	0	0	0	0	0	0	0	0	0
131	0	1	0	0	0	2	0	0	0	0	0	0	0	0	5	0	8	0	0	0	0	0	0	3	0	0	1	0	1	0	0	0	0	2	0	0	0	0	0	1	0	0	0	0	0	0	0	1	0	0	0	0
133	0	5	0	0	0	0	0	0	0	0	0	0	0	0	0	0	7	0	0	0	0	0	0	5	0	0	0	0	0	0	0	0	0	0	0	0	0	1	0	0	0	0	0	0	0	0	0	2	0	0	0	0
135	0	2	0	0	0	0	0	0	0	0	0	0	0	0	0	0	7	0	0	0	0	0	0	2	0	0	0	0	0	0	0	0	0	0	0	1	1	3	0	0	0	0	0	0	0	0	0	0	0	0	0	0
137	0	3	0	0	0	3	0	0	0	0	0	0	0	0	4	0	24	2	0	0	0	0	0	10	0	0	1	0	0	0	0	0	0	0	0	0	1	0	0	0	0	0	0	0	0	2	0	1	0	0	1	0
139	0	0	0	0	0	4	2	0	0	0	0	0	1	0	29	0	0	0	0	0	0	0	0	3	0	0	2	0	0	0	0	0	0	1	0	0	1	0	0	1	0	0	0	0	0	0	0	0	0	0	0	0
151	0	0	0	0	0	0	0	0	0	0	0	0	0	0	15	0	0	0	0	0	1	0	0	1	1	0	2	0	0	0	0	0	0	2	0	1	0	0	0	0	0	0	0	0	0	0	0	1	0	0	0	0
153	0	0	0	0	0	2	0	0	0	0	0	0	0	0	1	0	13	0	0	0	0	0	1	2	0	0	0	2	0	0	0	0	0	2	3	0	0	0	0	0	0	0	0	0	0	0	0	2	0	0	0	0
155	0	0	0	0	0	0	0	0	0	0	1	0	0	0	0	0	4	0	0	0	0	0	0	2	0	0	0	0	0	0	0	0	0	0	1	0	0	0	0	0	0	0	0	0	0	0	0	6	0	0	0	0
157	0	0	0	0	0	0	0	0	0	0	0	0	0	0	0	0	6	0	0	0	0	0	0	2	1	0	0	0	0	0	0	0	0	0	0	0	1	0	0	0	0	0	0	0	0	0	0	3	0	0	0	0
159	0	0	0	0	0	1	0	0	0	0	0	0	0	0	17	0	3	0	0	0	0	0	0	4	0	0	0	0	0	0	0	0	1	1	0	0	13	0	0	2	0	0	1	0	0	0	0	1	0	0	0	0
171	0	0	0	0	0	0	0	0	0	0	0	0	0	0	27	0	0	0	0	0	53	0	0	6	1	0	4	0	0	0	0	0	0	0	0	0	0	0	0	0	0	0	0	0	0	0	0	0	0	0	0	0
173	0	2	0	0	0	8	0	0	0	0	0	0	0	0	13	0	1	0	0	0	5	0	0	0	0	0	6	0	0	0	0	0	0	1	0	2	0	0	0	0	0	1	0	0	0	0	0	0	0	0	0	0
175	0	3	0	0	0	1	0	0	0	0	0	0	0	0	0	0	11	0	0	0	0	0	3	2	0	0	0	0	0	0	0	0	0	0	0	0	0	0	0	0	0	0	0	0	0	0	0	5	0	0	0	1
177	0	7	0	0	0	0	0	0	0	0	0	0	1	0	0	0	6	0	0	0	0	0	0	2	0	0	1	0	0	0	0	0	0	0	1	0	0	0	0	0	0	0	0	0	0	0	0	0	0	0	0	0
179	0	6	0	0	0	6	0	0	0	0	0	0	0	0	18	0	1	0	0	0	0	0	0	5	1	0	0	0	0	0	0	0	0	1	0	0	0	0	0	0	0	0	0	0	0	0	0	1	0	0	0	0
191	0	2	0	0	0	4	0	0	1	0	0	0	0	0	24	0	0	0	0	0	30	0	0	1	0	0	4	0	0	0	0	0	0	0	0	0	0	0	0	1	0	0	0	0	0	0	0	0	0	0	0	0
193	0	1	0	0	0	12	0	0	0	0	0	0	0	0	21	0	0	0	0	0	1	0	4	1	0	0	3	0	0	0	0	0	0	0	0	0	0	0	0	0	0	0	0	0	0	0	0	2	0	0	0	0
195	0	0	0	0	0	1	0	0	0	0	0	0	0	0	1	0	6	0	0	0	0	0	20	17	0	0	0	0	0	0	0	0	0	0	6	0	0	0	0	0	0	0	0	0	0	0	0	10	0	0	0	0
197	0	0	0	0	0	1	0	0	0	0	0	0	0	0	0	0	9	0	0	0	0	0	2	4	0	0	0	0	0	0	0	0	0	0	0	0	0	0	0	0	0	0	0	0	0	0	0	1	0	0	0	0
199	0	3	0	0	0	5	0	0	0	0	0	0	0	0	19	0	1	0	0	0	0	0	1	5	0	0	0	0	0	0	0	0	0	1	0	0	0	0	0	0	0	0	0	0	0	0	0	5	0	0	0	0
211	0	0	0	0	0	3	0	0	1	0	0	0	0	0	17	0	0	1	0	0	0	0	0	1	0	0	0	0	0	0	0	0	0	0	0	0	0	0	0	2	0	0	0	0	0	0	0	0	0	0	0	0
213	0	0	0	0	0	2	2	0	0	0	0	0	6	0	24	0	0	0	0	0	0	0	0	1	0	0	0	0	0	0	0	0	0	0	0	0	0	0	0	0	0	0	0	0	0	0	0	0	0	0	0	0
215	0	1	0	0	0	9	4	0	0	0	0	0	1	0	36	0	0	0	0	0	0	0	0	2	0	0	0	0	0	0	0	0	0	0	0	0	0	0	0	0	0	1	0	0	0	0	0	0	0	0	0	0
217	0	0	0	0	0	31	1	0	0	0	0	0	1	0	4	0	0	0	0	0	0	0	0	0	5	0	0	0	0	0	0	0	0	1	0	0	0	0	0	0	0	0	0	0	0	0	0	0	0	0	0	0
219	0	0	0	0	0	14	4	0	0	0	0	0	3	0	9	0	0	0	0	0	0	0	0	2	4	0	0	0	0	0	0	0	0	0	0	0	0	0	0	0	0	0	0	0	0	0	0	0	0	0	0	0
231	0	0	0	0	0	4	0	0	0	0	0	0	5	0	29	0	0	0	0	0	0	0	0	1	1	0	0	0	0	0	0	0	0	2	1	0	0	0	0	4	0	0	0	0	0	0	0	0	0	0	0	0
233	0	0	0	0	0	1	4	0	0	0	0	0	1	0	21	0	0	0	0	0	0	0	0	2	1	0	0	0	0	0	0	0	0	0	0	0	0	0	0	1	0	1	0	0	0	0	0	0	0	0	0	0
235	0	0	0	0	0	8	3	0	2	0	0	0	1	0	20	0	0	0	0	0	0	0	0	3	1	0	0	0	0	0	0	0	0	0	0	0	0	0	0	0	0	0	0	0	0	0	0	0	0	0	0	0
237	0	0	0	0	0	26	2	0	0	0	0	0	7	0	29	0	0	0	0	0	0	0	0	1	0	0	0	0	0	0	0	0	0	1	0	0	0	0	0	0	0	0	0	0	0	0	0	0	0	0	0	0
239	0	0	0	0	0	15	2	0	0	0	0	0	2	0	15	0	0	0	0	0	0	0	0	1	2	0	0	0	0	0	0	0	0	0	0	0	0	0	0	0	0	0	0	0	0	0	0	0	0	0	0	0
251	0	0	0	0	0	1	2	0	0	0	0	0	1	0	27	0	0	0	0	0	0	0	0	2	3	0	0	0	0	0	0	0	0	2	0	0	0	0	0	0	0	0	0	0	0	0	0	0	0	0	0	0
253	0	0	0	0	0	16	3	0	0	0	0	0	10	0	19	0	0	0	0	0	0	0	0	1	1	0	0	0	0	0	0	0	0	0	0	0	0	0	0	1	0	0	0	0	0	0	0	0	0	0	0	0
255	0	1	0	0	0	17	4	0	0	0	0	0	5	0	12	0	0	0	0	0	0	0	0	0	1	0	0	0	0	0	0	0	0	0	0	0	0	0	0	0	0	0	0	0	0	0	0	0	0	0	0	0
257	0	0	0	0	0	12	2	0	2	0	0	0	2	0	22	0	0	0	0	0	0	0	0	0	1	0	0	0	0	0	0	0	0	0	0	0	0	0	0	0	0	0	0	0	0	0	0	0	0	0	0	0
259	0	0	0	0	0	19	2	0	0	0	0	0	0	0	28	0	0	0	0	0	0	0	0	5	3	0	0	0	0	0	0	0	0	0	0	0	0	0	0	0	0	0	0	0	0	0	0	0	0	0	0	0
271	0	0	0	0	0	11	1	1	0	0	0	0	1	0	25	0	0	0	0	0	0	0	0	8	1	0	0	0	0	0	0	0	0	5	0	0	0	0	0	1	0	0	0	0	0	0	0	0	0	0	0	0
273	0	0	0	0	0	7	6	0	0	0	0	0	5	0	11	0	0	0	0	0	0	0	0	3	0	0	0	0	0	0	0	0	0	1	0	0	0	0	0	0	0	0	0	0	0	0	0	0	0	0	0	0
275	0	1	0	0	0	8	7	0	1	0	0	0	0	0	21	0	0	0	0	0	0	0	0	0	1	0	0	0	0	0	0	0	0	0	0	0	0	0	0	0	0	0	0	0	0	0	0	0	0	0	0	0
277	0	0	0	0	0	20	5	0	0	0	0	0	1	0	23	0	0	0	0	0	0	0	0	0	1	0	0	0	0	0	0	0	0	0	0	0	0	0	0	0	0	0	0	0	0	0	0	0	0	0	0	0
279	0	0	0	0	0	25	6	0	0	0	0	0	0	0	23	0	0	0	0	0	0	0	0	1	5	0	0	0	0	0	0	0	0	1	0	0	0	0	0	0	0	0	0	0	0	0	0	0	0	0	0	0
291	0	0	0	0	0	0	2	0	1	0	0	0	0	0	25	0	0	1	0	0	0	0	0	1	2	0	0	0	0	0	0	0	0	0	0	1	0	0	0	0	0	0	0	0	0	0	0	0	0	0	0	0
293	0	0	0	0	0	15	6	0	0	0	0	0	5	0	10	0	0	0	0	0	0	0	0	3	0	0	0	0	0	0	0	0	0	1	0	0	0	0	0	1	0	0	0	0	0	0	0	0	0	0	0	0
295	0	1	0	1	0	34	0	0	0	0	0	0	3	0	25	0	0	0	0	0	0	0	0	2	2	0	0	0	0	0	0	0	0	0	0	0	0	0	0	0	0	0	0	0	0	0	0	0	0	0	0	0
297	0	0	0	0	0	25	0	0	2	0	0	0	3	0	24	0	0	0	0	0	0	0	0	1	5	0	0	0	0	0	0	0	0	0	0	0	0	0	0	0	0	0	0	0	0	0	0	0	0	0	0	0
299	0	0	0	0	0	22	4	0	0	0	0	0	4	0	14	0	0	0	0	0	0	0	0	0	4	0	0	0	0	0	0	0	0	0	0	0	0	0	0	0	0	0	0	0	0	0	0	0	0	0	0	0
311	0	0	0	0	0	8	2	0	1	0	0	0	0	0	15	0	0	0	0	0	0	0	0	1	6	0	0	0	0	0	0	0	0	0	0	0	0	0	0	0	0	0	0	0	0	0	0	0	0	0	0	1
313	0	0	0	0	0	26	2	0	0	0	0	0	0	0	5	0	0	0	0	0	0	0	1	0	9	0	0	0	0	0	0	0	0	1	0	0	0	0	0	0	0	0	0	0	0	0	0	0	0	0	0	0
315	0	0	0	0	0	19	2	0	0	0	0	0	3	0	21	0	1	0	0	0	0	0	0	0	5	0	0	0	0	0	0	0	0	0	0	0	0	0	0	0	0	0	0	0	0	0	0	0	0	0	0	0
317	0	0	0	0	0	3	0	0	0	0	0	0	0	0	26	0	1	1	0	0	0	0	0	2	1	0	0	0	0	0	0	0	0	1	0	0	0	0	0	0	0	0	0	0	0	0	0	0	0	0	0	0
319	0	0	0	0	0	6	3	0	0	0	0	0	0	0	28	0	0	0	0	0	0	0	0	0	3	0	0	0	0	0	0	0	0	1	0	0	0	0	0	0	0	0	0	0	0	0	0	0	0	0	0	7
331	0	0	0	0	0	7	1	0	1	0	0	0	0	0	39	0	1	0	0	0	0	0	0	0	4	0	0	0	0	0	0	0	0	0	0	0	0	0	0	0	0	0	0	0	0	0	0	0	0	0	0	1
333	0	1	0	0	2	11	1	0	0	0	0	0	0	0	32	0	4	0	0	0	0	0	0	1	5	0	0	0	0	0	0	0	0	0	0	0	0	0	0	0	0	0	0	0	0	0	0	0	0	0	0	0
335	0	0	0	0	1	3	2	0	1	0	0	0	0	0	31	0	1	0	0	0	0	0	0	2	0	0	1	0	0	0	0	0	0	0	0	0	0	0	0	0	0	0	0	0	0	0	0	0	0	0	0	1
337	0	1	0	0	0	11	1	0	0	0	0	0	0	0	32	2	1	0	0	0	0	0	3	2	2	0	1	0	0	0	0	0	0	1	0	1	0	0	0	1	0	0	0	0	0	0	0	0	0	0	0	3
339	0	0	0	0	0	13	0	0	0	1	0	0	1	0	14	0	0	1	0	0	0	0	3	8	2	0	2	0	0	0	0	0	0	0	0	0	0	0	0	0	1	0	0	0	0	0	0	3	0	0	0	5
351	0	1	0	0	0	5	1	0	2	0	0	0	1	0	63	1	0	0	0	0	0	0	0	4	1	0	1	0	0	0	0	0	0	1	0	0	0	0	0	0	0	0	0	0	0	0	0	1	0	0	0	0
353	0	0	0	0	0	12	0	0	0	0	0	0	0	0	45	0	0	0	0	0	0	0	0	0	2	0	0	0	0	0	0	0	0	0	0	0	0	0	0	0	0	0	0	0	0	0	0	0	0	0	0	4
355	0	0	0	0	0	9	5	0	0	0	0	0	1	0	28	0	0	0	0	0	0	0	0	1	0	0	3	0	0	0	0	0	0	0	0	0	0	0	0	2	0	0	0	0	0	0	0	0	0	0	0	0
357	0	0	0	0	0	7	2	0	0	0	0	0	0	0	10	0	0	0	0	0	0	0	7	3	4	0	0	0	0	0	0	0	0	0	0	0	0	0	0	0	0	0	0	0	0	0	0	0	0	0	0	0
359	0	0	0	0	0	8	2	0	4	0	0	0	0	0	20	1	0	0	0	0	0	0	0	4	0	0	2	0	0	0	0	0	0	0	0	1	0	0	0	3	0	0	0	0	0	0	0	0	0	0	0	0
371	0	0	0	0	0	14	1	0	0	0	0	0	0	0	14	0	0	0	0	0	0	0	1	1	5	0	0	0	0	0	0	0	0	1	0	0	0	0	0	0	0	0	0	0	0	0	0	0	0	0	0	3
373	0	0	0	0	0	18	7	0	0	0	0	0	0	0	28	0	0	0	0	0	0	0	0	0	1	0	0	0	0	0	0	0	0	0	0	0	0	0	0	0	0	0	0	0	0	0	0	0	0	0	0	0
375	0	0	0	0	0	23	6	0	0	0	0	0	5	0	44	0	0	0	0	0	0	0	0	1	1	0	0	0	0	0	0	0	0	0	0	0	0	0	0	0	0	0	0	0	0	0	0	0	0	0	0	0
377	0	0	0	0	0	10	3	0	1	0	0	0	6	0	30	0	0	0	0	0	0	0	0	1	0	0	1	0	0	0	0	0	0	0	0	0	0	0	0	0	0	0	0	0	0	0	0	0	0	0	0	0
379	0	0	0	0	0	6	5	0	0	0	0	0	1	0	32	0	0	1	0	0	0	0	0	0	2	0	0	0	0	0	0	0	0	0	0	0	0	0	0	1	0	0	0	0	0	0	0	0	0	0	0	0
391	0	0	0	0	0	28	6	0	1	0	0	0	1	0	16	0	0	0	0	0	0	0	0	0	0	0	0	2	0	0	0	0	0	0	0	0	0	0	0	0	0	0	0	0	0	0	0	0	0	0	0	0
393	0	0	0	0	0	66	2	0	0	0	0	0	7	0	13	0	0	0	0	0	0	0	0	2	0	0	0	0	0	0	0	0	0	1	0	0	0	0	0	0	0	0	0	0	0	0	0	0	0	0	0	0
395	0	0	0	0	0	28	1	0	0	0	0	0	5	0	20	0	0	0	0	0	0	0	0	1	1	0	2	0	0	0	0	0	0	0	0	0	0	0	0	1	0	0	0	0	0	0	0	0	0	0	0	0
397	0	1	0	0	0	3	2	0	1	0	0	0	6	0	18	0	0	1	0	0	0	0	0	4	0	0	0	0	0	0	0	0	0	1	0	0	0	0	0	0	0	0	0	0	0	0	0	0	0	0	0	0
399	0	0	0	0	2	17	2	0	0	0	0	0	2	0	28	0	0	1	0	0	0	0	0	1	4	0	0	0	0	0	0	0	0	1	0	0	0	0	0	0	0	0	0	0	0	0	0	0	0	0	0	0
411	0	0	0	0	0	12	0	0	0	0	0	0	0	0	38	0	0	0	0	0	0	0	0	2	0	0	3	0	0	0	0	0	0	1	0	1	0	0	0	0	0	0	0	0	0	0	0	1	0	0	0	5
413	0	5	0	0	0	11	0	0	0	0	0	0	1	0	23	0	1	0	0	0	0	0	0	3	3	0	1	0	0	0	0	0	0	0	0	0	0	0	0	0	0	0	0	0	0	0	0	4	0	0	0	0
415	0	3	0	0	0	16	0	0	0	0	0	0	0	0	60	0	0	0	0	0	0	0	0	20	2	0	1	0	0	0	0	0	0	0	0	1	0	0	0	0	0	0	0	0	0	0	0	4	0	0	0	0
417	0	8	0	0	0	22	1	0	1	0	0	0	0	0	23	0	0	0	0	0	0	0	0	3	4	0	4	0	0	0	0	0	0	1	0	0	0	0	0	0	0	0	0	0	0	0	0	1	0	0	0	2
419	0	1	0	0	0	22	1	0	0	0	0	0	3	0	91	1	1	0	0	0	0	0	0	1	1	0	2	0	0	0	0	0	0	0	0	0	0	0	0	0	0	0	0	0	0	0	0	0	0	0	0	0
431	0	2	0	0	0	6	2	0	0	0	0	0	0	0	64	0	0	1	0	0	0	0	0	0	1	0	0	0	0	0	0	0	0	0	0	0	0	0	0	0	0	0	0	0	0	0	0	1	0	0	0	1
433	0	1	0	0	0	6	0	0	0	0	0	0	0	0	23	0	0	0	0	0	0	0	0	1	2	0	6	0	0	0	0	0	0	0	0	0	0	0	0	0	0	0	0	0	0	0	0	1	0	0	0	1
435	0	0	0	0	0	16	0	0	0	0	0	0	0	0	34	0	0	0	0	0	0	0	0	2	1	0	8	0	0	0	0	0	0	0	0	1	0	0	0	0	0	0	0	0	0	0	0	0	0	0	0	0
437	0	4	0	0	0	5	3	0	0	0	0	0	0	0	32	0	0	0	0	0	0	0	0	3	1	0	0	0	0	0	0	0	0	1	0	0	0	0	0	0	0	0	0	0	0	0	0	0	0	0	0	0
439	0	7	0	0	0	85	0	0	0	0	0	0	4	0	83	0	0	0	0	0	0	0	0	5	2	0	2	0	1	0	0	0	0	0	0	0	0	0	0	2	0	0	0	0	0	0	0	1	0	0	0	0
451	0	0	0	0	0	1	2	0	1	0	0	0	1	0	23	0	0	0	0	0	0	0	0	2	1	0	4	0	0	0	0	0	0	0	0	0	0	0	0	0	0	0	0	0	0	0	0	0	0	0	0	0
453	0	0	0	0	0	16	0	0	0	0	0	0	0	0	23	0	0	0	0	0	0	0	0	4	0	0	6	0	0	0	0	0	0	0	0	0	0	0	0	0	0	0	0	0	0	0	0	0	0	0	0	0
455	0	0	0	0	0	8	0	0	1	0	0	0	3	0	24	0	0	0	0	0	0	0	0	1	5	0	2	0	0	0	0	0	0	1	0	0	0	0	0	0	0	0	0	0	0	0	0	0	0	0	0	0
457	0	1	0	0	0	1	5	0	0	0	0	0	0	0	28	0	0	0	0	0	0	0	0	0	2	0	1	0	0	0	0	0	0	1	0	1	0	0	0	0	0	0	0	0	0	0	0	0	0	0	0	0
459	0	2	0	0	0	30	0	0	0	0	0	0	3	0	70	0	0	0	0	0	0	0	0	2	1	0	1	0	0	0	0	0	0	1	0	0	0	0	0	0	0	0	0	0	0	0	0	1	0	0	0	0
471	0	0	0	0	0	6	2	0	3	0	0	0	2	0	28	0	0	0	0	0	0	0	0	1	0	0	9	0	0	0	0	0	0	1	0	0	0	0	0	0	0	0	0	0	0	0	0	0	0	0	0	0
473	0	0	0	0	0	12	2	0	0	0	0	0	2	0	22	0	0	0	0	0	0	0	0	2	1	0	2	0	0	0	0	0	0	0	0	0	0	0	0	1	0	0	0	0	0	0	0	1	0	0	0	0
475	0	0	0	0	0	2	4	0	2	0	0	0	1	0	25	0	0	0	0	0	0	0	0	0	0	0	0	0	0	0	0	0	0	0	0	0	0	0	0	0	0	0	0	0	0	0	0	0	0	0	0	0
477	0	0	0	0	0	2	2	0	2	0	0	0	0	0	38	0	0	0	0	0	0	0	0	1	0	0	2	0	0	0	0	0	0	1	0	0	0	0	0	1	0	0	0	0	0	0	0	0	0	0	0	0
479	0	2	0	0	0	49	2	0	1	0	0	0	0	0	39	0	0	0	0	0	0	0	0	5	1	0	0	0	0	0	0	0	0	1	0	0	0	0	0	0	0	0	0	0	0	0	0	0	0	0	0	0
491	0	0	0	0	0	21	3	0	0	0	0	0	2	0	25	0	0	0	0	0	0	0	0	0	2	0	2	0	0	0	0	0	0	0	0	0	0	0	0	1	0	0	0	0	0	0	0	0	0	0	0	0
493	0	0	0	0	0	23	3	0	0	0	0	0	0	0	32	0	0	0	0	0	0	0	0	2	6	0	0	0	0	0	0	0	0	0	0	0	0	0	0	0	0	0	0	0	0	0	0	0	0	0	0	0
495	0	0	0	0	0	7	4	0	1	0	0	0	0	0	25	0	0	0	0	0	0	0	0	0	0	0	2	0	0	0	0	0	0	3	0	0	0	0	0	0	0	1	0	0	0	0	0	0	0	0	0	0
497	0	1	0	0	0	4	0	0	1	0	0	0	2	0	50	0	0	0	0	0	0	0	0	1	3	0	2	0	0	0	0	0	0	1	0	0	0	0	0	0	0	1	0	0	0	0	0	0	0	0	0	0
499	0	3	0	0	0	12	2	0	3	0	0	0	0	0	41	1	0	0	0	0	0	0	0	0	4	0	1	0	0	0	0	0	0	1	0	0	0	0	0	0	0	0	0	0	0	0	0	0	0	0	0	0
511	0	3	0	0	0	7	0	0	0	0	0	0	0	0	15	0	0	0	0	0	1	0	0	0	3	0	2	0	0	0	0	0	0	0	0	0	0	0	0	0	0	2	0	0	0	0	0	0	0	0	0	0
513	0	6	0	0	0	18	0	0	0	0	0	0	0	0	19	0	3	0	0	0	0	0	0	4	1	0	2	0	0	0	0	0	0	0	0	0	0	0	0	0	0	0	0	0	0	0	0	0	0	0	0	0
515	0	4	0	0	0	4	0	0	0	0	0	0	0	0	1	0	17	0	0	0	0	0	14	1	0	0	0	0	0	0	0	0	0	0	0	0	0	0	0	0	0	0	0	0	0	0	0	0	0	0	0	0
517	0	1	0	0	0	3	0	0	0	0	0	0	0	0	0	4	9	0	0	0	0	0	0	1	1	0	0	0	0	0	0	0	0	0	0	0	0	0	0	0	0	0	0	0	0	0	0	7	0	0	0	0
519	0	4	0	0	0	16	0	0	1	0	0	0	0	0	19	0	0	0	0	0	0	0	0	2	4	0	2	0	0	0	0	0	0	0	0	0	0	0	0	0	0	0	0	0	0	0	0	0	0	0	0	0
531	0	0	0	0	0	16	0	0	1	0	0	0	1	0	16	0	0	0	0	0	0	0	0	0	0	0	0	0	0	0	0	0	0	1	0	0	0	0	0	0	0	0	0	0	0	0	0	0	0	0	0	0
533	0	1	0	0	0	23	0	0	0	0	0	0	0	0	8	0	6	0	0	0	0	0	9	5	1	0	1	0	0	0	0	0	0	0	0	0	0	0	0	0	0	0	0	0	0	0	0	0	0	0	0	0
535	0	5	0	0	0	1	0	0	0	0	0	0	0	0	0	0	13	0	0	0	0	0	8	0	0	0	0	0	0	0	0	0	0	0	0	0	0	0	0	0	0	0	0	0	0	0	0	0	0	0	0	0
537	0	6	0	0	0	12	0	0	0	0	0	0	0	0	6	0	12	0	0	0	0	0	4	8	0	0	1	0	0	0	0	0	0	0	0	0	0	0	0	0	0	0	0	0	0	1	0	0	0	0	0	0
539	0	0	0	0	0	15	0	0	1	0	0	0	0	0	14	0	0	0	0	0	0	0	0	1	2	0	1	0	0	0	0	0	0	1	0	1	0	0	0	0	0	0	0	0	0	0	0	2	0	0	0	0
551	0	0	0	0	0	12	0	0	0	0	0	0	2	0	24	0	0	0	0	0	0	0	0	0	1	0	2	0	0	0	0	0	0	0	0	0	0	0	0	0	0	0	0	0	0	0	0	0	0	0	0	0
553	0	3	0	0	0	17	1	0	0	0	0	0	0	0	8	0	8	0	8	0	0	0	9	2	0	0	3	0	0	0	0	0	0	0	0	0	0	0	0	0	0	0	0	0	0	0	0	1	0	0	0	0
555	0	0	0	0	0	0	0	0	0	0	0	0	0	0	0	0	6	0	0	0	0	0	15	1	0	0	0	0	0	0	0	0	0	0	0	0	0	0	0	0	0	0	0	1	0	0	0	0	0	0	0	0
557	0	4	0	0	0	15	0	0	0	0	0	0	0	0	4	0	3	0	0	0	0	0	0	6	0	0	5	0	0	1	0	0	0	0	0	0	0	0	0	0	0	0	0	0	0	0	0	6	1	0	0	0
559	0	0	0	0	0	6	3	0	0	0	0	0	2	0	32	0	0	1	0	0	0	0	0	2	1	0	1	0	0	0	0	0	0	0	0	0	0	0	0	0	0	0	0	0	0	0	0	0	0	0	0	0
571	0	0	0	0	0	16	1	0	0	0	0	0	1	0	17	0	0	0	0	0	0	0	4	4	3	0	0	0	0	0	0	0	0	0	0	0	0	0	0	0	0	0	0	0	0	0	0	4	0	0	0	2
573	0	5	0	0	0	9	0	0	0	0	0	0	1	0	7	0	3	0	0	0	0	0	9	5	1	0	0	0	0	1	0	0	0	0	0	0	0	0	0	0	0	0	0	0	0	0	0	10	0	0	0	0
575	0	6	0	0	0	0	0	0	0	0	0	0	0	0	0	3	3	0	0	0	0	0	30	5	0	0	0	0	0	0	0	0	0	0	0	0	0	0	0	0	0	0	0	0	0	0	0	8	0	0	0	0
577	0	3	0	0	0	2	0	0	0	0	0	0	0	0	4	1	1	0	0	0	0	0	13	4	0	0	6	0	0	0	0	0	0	0	0	0	0	0	0	0	0	0	0	0	0	0	0	1	1	0	0	0
579	0	0	0	0	0	4	1	0	0	0	0	0	1	0	21	0	0	0	0	0	0	0	1	2	2	0	2	0	0	0	0	0	0	0	0	0	0	0	0	0	0	0	0	0	0	0	0	0	0	0	0	0
591	0	2	0	0	0	3	0	0	0	0	0	0	1	0	11	0	0	0	0	0	0	0	26	0	12	0	0	0	0	0	0	0	0	0	0	0	0	0	0	0	0	0	0	0	0	0	0	15	0	0	0	1
593	0	1	0	0	0	10	1	0	2	0	0	0	0	0	4	0	1	0	0	0	0	0	15	4	0	0	1	0	0	1	0	0	0	0	0	0	0	0	0	0	0	0	0	0	0	0	0	7	1	0	0	5
595	0	5	0	0	0	4	0	0	0	0	0	0	0	0	1	3	5	0	0	0	0	2	36	2	0	0	0	0	0	0	0	0	0	0	0	0	0	0	0	0	0	0	0	0	0	0	0	2	0	0	0	1
597	0	8	0	0	0	0	0	0	0	0	0	0	0	0	0	4	11	0	7	0	0	2	19	3	0	0	0	0	0	0	0	0	0	0	0	0	0	0	0	0	0	0	0	0	0	0	0	3	1	0	0	1
599	0	2	0	0	0	6	0	0	0	0	0	0	0	0	9	0	8	0	0	0	0	0	19	2	2	0	0	0	0	0	0	0	0	2	0	0	0	0	0	0	0	0	0	0	0	0	0	0	0	0	2	1
611	0	0	0	0	0	9	1	0	0	0	0	0	1	0	22	0	0	0	0	0	0	0	0	1	3	0	0	0	0	0	0	0	0	0	0	0	0	0	0	0	0	0	0	0	0	0	0	0	0	0	0	0
613	0	0	0	0	0	32	2	0	1	0	0	0	3	0	11	0	0	0	0	0	0	0	2	5	4	0	0	0	0	0	0	0	0	0	0	0	0	0	0	0	0	0	0	0	0	0	0	0	0	0	0	0
615	0	0	0	0	0	34	0	0	0	0	0	0	1	0	12	0	0	0	0	0	0	0	1	4	2	0	0	0	0	0	0	0	0	0	0	1	0	0	0	0	0	0	0	0	0	0	0	0	0	0	0	0
617	0	0	0	0	0	43	0	0	0	0	0	0	0	0	11	0	1	0	0	0	0	0	0	7	6	0	0	0	0	0	0	0	0	0	0	0	0	0	0	0	0	0	0	0	0	0	0	0	0	0	0	0
619	0	0	0	0	0	31	2	0	0	0	0	0	1	0	21	0	0	0	0	0	0	0	0	10	0	0	0	0	0	0	0	0	0	0	0	0	0	0	0	0	0	1	0	0	0	0	0	0	0	0	0	0
631	0	0	0	0	0	12	2	0	0	0	0	0	3	0	17	0	0	0	0	0	0	0	0	1	0	0	0	0	0	0	0	0	0	1	0	0	0	0	0	0	0	0	0	0	0	0	0	0	0	0	0	0
633	0	0	0	0	0	16	0	0	0	0	0	0	4	0	15	0	0	0	0	0	0	0	0	4	6	0	0	0	0	0	0	0	0	0	0	3	0	0	0	0	0	0	0	0	0	0	0	0	0	0	0	0
635	0	0	0	0	0	13	0	0	0	0	0	0	4	0	4	1	0	0	0	0	0	0	6	1	8	0	0	0	0	0	0	0	0	0	0	0	0	0	0	1	0	0	0	0	0	0	0	0	0	0	0	0
637	0	1	0	0	0	46	0	0	0	0	0	0	3	0	7	0	0	0	0	0	0	0	0	5	4	0	0	0	0	0	0	0	0	0	0	0	0	0	0	0	0	0	0	0	0	0	0	0	0	0	0	0
639	0	0	0	0	0	18	2	0	0	0	0	0	2	0	14	0	0	0	0	0	0	0	0	2	0	0	0	0	0	0	0	0	0	1	0	0	0	0	0	1	0	0	0	0	0	0	0	0	0	0	0	0
651	0	1	0	0	0	11	4	0	1	0	0	0	1	5	32	0	0	3	0	0	0	0	1	2	1	0	0	0	0	0	0	0	0	3	0	0	0	0	0	1	0	0	0	0	0	0	0	0	0	0	0	0
653	0	0	0	0	0	13	0	0	1	0	0	0	1	0	11	1	0	3	0	0	0	0	1	0	0	0	0	0	0	0	0	0	0	1	0	0	0	0	0	0	0	0	0	0	0	0	0	0	0	0	0	1
655	0	0	0	0	0	29	1	0	0	0	0	0	2	0	8	0	0	0	0	0	0	0	0	2	1	0	0	0	0	0	0	0	0	0	0	3	0	0	0	0	0	0	0	0	0	0	0	0	0	0	0	0
657	0	0	0	0	0	28	1	0	0	0	0	0	3	0	11	0	0	1	0	0	0	0	0	4	2	0	0	0	0	0	0	0	0	0	0	1	0	0	0	0	0	0	0	0	0	0	0	0	0	0	0	0
659	0	0	0	0	0	11	0	0	1	0	0	1	1	0	12	0	0	0	0	0	0	0	23	1	2	0	0	0	0	0	0	0	0	0	0	0	0	0	0	0	0	0	0	0	0	0	0	0	0	0	0	0
671	0	0	0	0	1	4	0	0	0	0	0	0	4	0	27	0	0	0	0	0	0	0	0	3	6	0	0	0	0	0	0	0	0	0	0	0	0	0	0	0	0	0	0	0	0	0	0	0	0	0	0	0
673	0	0	0	0	0	18	2	0	0	0	0	0	4	0	12	0	1	1	0	0	0	0	0	0	1	0	0	0	0	0	0	0	0	3	0	0	0	0	0	0	0	0	0	0	0	0	0	0	0	0	0	0
675	0	0	0	0	0	35	1	0	0	0	0	0	2	0	6	0	0	0	0	0	0	0	0	2	11	0	0	0	0	0	0	0	0	0	0	0	0	0	0	0	0	1	0	0	0	0	0	0	0	0	0	0
677	0	0	0	0	0	28	2	0	0	0	0	0	8	0	16	1	0	1	0	0	0	0	2	1	0	0	0	0	0	0	0	0	0	0	0	0	0	0	0	0	0	0	0	0	0	0	0	0	0	0	0	0
679	0	0	0	0	0	18	2	0	2	0	0	0	6	0	28	0	0	0	0	0	0	0	5	0	0	0	0	0	0	0	0	0	0	0	0	1	0	0	0	0	0	1	0	0	0	0	0	0	0	0	0	3
691	0	0	0	0	0	6	4	0	0	0	0	0	3	0	24	1	0	1	0	0	0	0	0	1	0	0	0	0	0	0	0	0	0	0	0	1	0	0	0	0	0	0	0	0	0	0	0	0	0	0	0	0
693	0	0	0	0	0	13	2	0	1	0	0	0	3	0	11	1	0	1	0	0	0	0	0	0	2	0	0	0	0	0	0	0	0	1	0	0	0	0	0	0	0	0	0	0	0	0	0	0	0	0	0	11
695	0	0	0	0	0	20	0	0	0	0	0	0	1	0	7	0	0	0	0	0	0	0	0	0	3	0	0	0	0	0	0	0	0	2	0	2	0	0	0	1	0	0	0	0	0	0	0	1	0	0	0	0
697	0	0	0	0	0	47	0	0	1	0	0	0	2	0	6	0	0	0	0	0	0	0	1	0	1	0	0	0	0	0	0	0	0	0	0	0	0	0	0	1	0	0	0	0	0	0	0	0	0	0	0	0
699	0	0	0	0	0	21	1	0	2	0	0	0	5	0	15	0	0	0	0	0	0	0	0	2	0	0	0	0	0	0	0	0	0	0	0	0	0	0	0	0	0	0	0	0	0	0	0	0	0	0	0	0
711	0	0	0	0	0	28	4	0	1	0	0	0	1	0	7	0	0	0	0	0	0	0	0	3	4	0	0	0	0	0	0	0	0	0	0	1	0	0	0	0	0	0	0	0	0	0	0	0	0	0	0	0
713	0	0	0	0	1	47	3	0	0	0	0	0	1	0	14	0	0	0	0	0	0	0	0	2	0	0	0	0	0	0	0	0	0	0	0	0	0	0	0	0	0	0	0	0	0	0	0	0	0	0	0	0
715	0	0	0	0	0	55	2	0	0	0	0	0	2	0	32	0	0	0	0	0	0	0	0	1	1	0	0	0	0	0	0	0	0	0	0	0	0	0	0	0	0	0	0	0	0	0	0	0	0	0	0	0
717	0	0	0	0	0	10	0	0	0	0	0	0	7	0	36	0	0	0	0	0	0	0	0	1	0	0	0	0	0	0	0	0	0	0	0	0	0	0	0	0	0	0	0	0	0	0	0	1	0	0	0	0
719	0	0	0	0	0	19	1	0	0	0	0	0	7	0	32	0	0	1	0	0	0	0	0	3	3	0	1	0	0	0	0	0	0	0	0	0	0	0	0	1	0	0	0	0	0	0	0	0	0	0	0	0
731	0	0	0	0	0	23	1	0	0	0	0	0	3	0	17	0	0	0	0	0	0	0	0	3	5	0	1	0	0	0	0	0	0	0	0	0	0	0	0	0	0	0	0	0	0	0	0	0	0	0	0	0
733	0	0	0	0	0	32	0	0	0	0	0	0	1	0	20	0	0	1	0	0	0	0	0	1	5	0	2	0	0	0	0	0	0	1	0	0	0	0	0	0	0	0	0	0	0	0	0	0	0	0	0	0
735	0	0	0	0	0	29	5	0	0	0	0	0	6	0	25	0	0	0	0	0	0	0	0	2	4	0	0	0	0	0	0	0	0	0	0	0	0	0	0	0	0	0	0	0	0	0	0	0	0	0	0	0
737	0	0	0	0	0	20	1	0	0	0	0	0	2	0	14	0	0	0	0	0	0	0	0	2	0	0	0	0	0	0	0	0	0	0	0	0	0	0	0	0	0	0	0	0	0	0	0	0	0	0	0	0
739	0	0	0	0	0	21	0	0	0	0	0	0	4	0	23	0	0	1	0	0	0	0	0	1	2	0	0	0	0	0	0	0	0	0	0	0	0	0	0	0	0	0	0	0	0	0	0	0	0	0	0	0
751	0	0	0	0	0	9	2	0	0	0	0	0	2	0	15	0	0	0	0	0	0	0	1	4	3	0	3	0	0	0	0	0	0	0	0	0	0	0	0	1	0	0	0	0	0	0	0	0	0	0	0	0
753	0	0	0	0	0	7	4	0	0	0	0	0	1	0	27	0	0	0	0	0	0	0	1	0	3	0	3	0	0	0	0	0	0	0	0	0	0	0	0	1	0	0	0	0	0	0	0	0	0	0	0	1
755	0	0	0	0	0	15	0	0	0	0	0	0	0	0	19	0	0	0	0	0	0	0	1	0	2	0	3	0	0	0	0	0	0	1	0	0	0	0	0	0	0	0	0	0	0	0	0	0	0	0	0	0
757	0	0	0	0	0	18	2	0	0	0	0	0	0	0	10	1	0	0	0	0	0	0	0	0	3	0	0	0	0	0	0	0	0	0	0	0	0	0	0	0	0	0	0	0	0	0	0	0	0	0	0	0
759	0	0	0	0	0	19	0	0	0	0	0	0	2	0	12	1	0	1	0	0	0	0	0	1	3	0	0	0	0	0	0	0	0	0	0	0	0	0	0	1	0	0	0	0	0	0	0	0	0	0	0	0
771	0	0	0	0	0	14	5	1	0	0	0	0	2	0	26	0	0	0	0	0	0	0	2	0	0	0	0	0	0	0	0	0	0	0	0	0	0	0	0	1	0	0	0	0	0	0	0	0	0	0	0	0
773	0	0	0	0	0	19	3	1	0	0	0	0	2	0	13	0	0	0	0	0	0	0	0	5	1	0	0	0	0	0	0	0	0	0	0	0	0	0	0	0	0	0	0	0	0	0	0	0	0	0	0	0
775	0	0	0	0	0	16	0	0	1	0	0	0	0	0	14	0	0	1	0	0	0	0	4	1	12	0	0	0	0	0	0	0	0	0	0	0	0	0	0	0	0	0	0	0	0	0	0	0	0	0	0	1
777	0	0	0	0	0	10	2	0	1	0	0	0	3	0	13	0	0	0	0	0	0	0	1	0	3	0	0	0	0	0	0	0	0	0	0	0	0	0	0	2	0	0	0	0	0	0	0	0	0	0	0	0
779	0	0	0	0	0	23	1	0	0	0	0	0	5	5	18	0	0	2	0	0	0	0	0	1	1	0	0	0	0	0	0	0	0	6	0	0	0	0	0	1	0	0	0	0	0	0	0	0	0	0	0	0
791	0	0	0	0	0	2	0	0	0	0	0	0	6	0	21	0	0	0	0	0	0	0	0	5	3	0	0	0	0	0	0	0	0	0	0	1	0	0	0	1	0	0	0	0	0	0	0	0	0	0	0	0
793	0	0	0	0	0	34	2	0	1	0	0	0	6	0	25	0	0	1	0	0	0	0	3	3	0	0	0	0	0	0	0	0	0	0	0	0	0	0	0	0	0	0	0	0	0	0	0	0	0	0	0	3
795	0	0	0	0	0	17	2	0	1	0	0	0	2	0	24	0	0	1	0	0	0	0	0	2	2	0	0	0	0	0	0	0	0	1	0	0	0	0	0	0	0	0	0	0	0	0	0	0	0	0	0	0
797	0	0	0	0	0	21	0	0	1	0	0	0	0	0	24	0	0	1	0	0	0	0	0	0	3	0	0	0	0	0	0	0	0	1	0	0	0	0	0	0	0	0	0	0	0	0	0	0	0	0	0	1
799	0	0	0	0	0	16	3	0	0	0	0	0	1	0	13	1	0	0	0	0	0	0	3	1	2	0	0	0	0	0	0	0	0	1	1	0	0	0	0	0	0	0	0	0	0	0	0	0	0	1	0	1
811	0	0	0	0	0	26	3	0	0	0	0	0	9	0	13	0	0	0	0	0	0	0	0	0	2	0	0	0	0	0	0	0	0	0	0	0	0	0	0	0	0	0	0	0	0	0	0	0	0	0	0	0
813	0	0	0	0	0	7	0	0	0	0	0	0	6	0	42	0	0	0	0	0	0	0	0	1	1	0	0	0	0	0	0	0	0	0	0	0	0	0	0	0	0	0	0	0	0	0	0	0	0	0	0	0
815	0	1	0	0	0	12	2	0	0	0	0	0	12	0	48	0	0	1	0	0	0	0	0	0	0	0	1	0	0	0	0	0	0	0	0	0	0	0	0	0	0	0	0	0	0	0	0	0	0	0	0	0
817	0	0	0	0	0	17	1	0	0	0	0	0	4	0	35	0	0	0	0	0	0	0	1	2	0	0	0	0	0	0	0	0	0	0	0	0	0	0	0	0	0	0	0	0	0	0	0	0	0	0	0	0
819	0	0	0	0	0	6	2	0	1	0	0	0	2	0	36	0	0	1	0	0	0	0	0	3	3	0	0	0	0	0	0	0	0	1	0	0	0	0	0	0	0	0	0	0	0	0	0	0	0	0	0	0
831	0	0	0	0	0	23	3	0	0	0	0	0	1	0	27	0	0	0	0	0	0	0	0	0	6	0	0	0	0	0	0	0	0	0	0	0	0	0	0	0	0	0	0	0	0	0	0	0	0	0	0	0
833	0	0	0	0	0	16	4	0	0	0	0	0	0	0	25	0	0	0	0	0	0	0	0	2	4	0	0	0	0	0	0	0	0	0	0	0	0	0	0	2	0	0	0	0	0	0	0	0	0	0	0	0
835	0	0	0	0	0	28	3	0	0	0	0	0	2	0	51	0	0	0	0	0	0	0	0	2	4	0	0	0	0	0	0	0	0	0	0	0	0	0	0	0	0	0	0	0	0	0	0	0	0	0	0	0
837	0	0	0	0	0	13	0	0	0	0	0	0	3	0	36	0	0	2	0	0	0	0	0	0	0	0	0	0	0	0	0	0	0	0	0	0	0	0	0	0	0	1	0	0	0	0	0	0	0	0	0	0
839	0	0	0	0	0	6	0	0	1	0	0	0	0	0	29	0	0	0	0	0	0	0	0	3	2	0	1	0	0	0	0	0	0	0	0	0	0	0	0	0	0	0	0	0	0	0	0	0	0	0	0	0
851	0	0	0	0	0	15	1	0	1	0	0	0	1	0	21	0	0	0	0	0	0	0	0	2	6	0	0	0	0	0	0	0	0	1	0	0	0	0	0	0	0	0	0	0	0	0	0	0	0	0	0	0
853	0	0	0	0	0	17	0	0	0	0	0	0	0	0	23	0	0	0	0	0	0	0	0	3	5	0	0	0	0	0	0	0	0	0	0	0	0	0	0	0	0	0	0	0	0	0	0	0	0	0	0	0
855	0	0	0	0	0	8	0	0	0	0	0	0	1	0	32	0	0	1	0	0	0	0	0	3	4	0	0	0	0	0	0	0	0	0	0	0	0	0	0	0	0	0	0	0	0	0	0	0	0	0	0	0
857	0	0	0	0	0	15	1	0	0	0	0	0	1	0	30	0	0	0	0	0	0	0	0	1	0	0	0	0	0	0	0	0	0	0	0	0	0	0	0	0	0	0	0	0	0	0	0	0	0	0	0	0
859	0	0	0	0	0	4	2	0	0	0	0	0	0	0	44	0	0	0	0	0	0	0	0	0	0	0	0	0	0	0	0	0	0	1	0	1	0	0	0	0	0	0	0	0	0	0	0	0	0	0	0	0
871	0	1	0	0	0	10	1	0	2	0	0	0	2	0	15	0	0	0	0	0	0	0	0	0	3	0	1	0	0	0	0	0	0	0	0	0	0	0	0	0	0	0	0	0	0	0	0	0	0	0	0	0
873	0	0	0	0	0	7	2	0	0	0	0	0	0	0	19	0	0	0	0	0	0	0	0	0	6	0	0	0	0	0	0	0	0	1	0	0	0	0	0	0	0	0	0	0	0	0	0	0	0	0	0	0
875	0	0	0	0	0	2	1	0	0	0	0	0	0	0	17	0	0	0	0	0	0	0	0	1	3	0	0	0	0	0	0	0	0	0	0	0	0	0	0	0	0	0	0	0	0	0	0	0	0	0	0	0
877	0	0	0	0	0	9	3	0	0	0	0	0	1	0	24	0	0	1	0	0	0	0	0	2	0	0	0	0	0	0	0	0	0	0	0	0	0	0	0	0	0	0	0	0	0	0	0	0	0	0	0	0
879	0	0	0	0	0	4	2	0	0	0	0	0	0	0	31	0	0	0	0	0	0	0	0	2	0	0	0	0	0	0	0	0	0	0	0	0	0	0	0	0	0	0	0	0	0	0	0	0	0	0	0	0
891	0	0	0	0	0	13	0	0	0	0	0	0	0	0	17	0	0	0	0	0	0	0	5	1	7	0	0	0	0	0	0	0	0	0	0	0	0	0	0	0	0	0	0	0	0	0	0	0	0	0	0	0
893	0	0	0	0	0	3	2	0	0	0	0	0	0	0	17	0	0	0	0	0	0	0	0	1	2	0	0	0	0	0	0	0	0	0	0	0	0	0	0	0	0	0	0	0	0	0	0	0	0	0	0	0
895	0	0	0	0	0	0	0	0	0	0	0	0	0	0	24	0	0	0	0	0	0	0	0	2	2	0	0	0	0	0	0	0	0	0	0	0	0	0	0	0	0	1	0	0	0	0	0	0	0	0	0	0
897	0	0	0	0	0	10	0	0	0	0	0	0	0	0	31	0	0	0	0	0	0	0	0	0	2	0	0	0	0	0	0	0	0	0	0	0	0	0	0	0	0	1	0	0	0	0	0	0	0	0	0	0
899	0	0	0	0	0	5	2	0	0	0	0	0	2	0	28	0	0	0	0	0	0	0	0	1	0	0	0	0	0	0	0	0	0	0	0	0	0	0	0	0	0	0	0	0	0	0	0	0	0	0	0	0
911	0	9	0	0	0	2	0	0	0	0	0	0	1	0	1	0	1	0	0	0	0	0	42	1	8	0	0	0	0	0	0	0	0	0	0	0	0	0	0	0	0	0	0	0	0	0	0	0	11	0	0	0
913	0	1	0	0	0	8	0	0	0	0	0	0	1	0	0	0	0	0	0	0	0	0	42	2	1	0	0	0	0	0	0	0	0	0	0	0	0	0	0	0	0	0	0	0	0	0	0	0	16	0	0	3
915	0	11	0	0	0	13	0	0	0	0	0	0	1	0	1	0	3	0	0	0	0	0	28	2	0	0	0	0	0	1	0	0	0	0	0	0	0	0	0	0	0	0	0	0	0	0	0	0	0	0	0	6
917	1	0	0	0	0	1	0	0	0	0	0	0	0	0	0	0	21	0	0	0	0	5	38	1	0	0	0	0	0	0	0	0	0	0	0	0	0	0	0	0	0	0	0	0	0	0	0	1	6	0	0	0
919	0	1	0	0	0	2	0	0	0	0	0	0	0	0	0	0	8	0	0	0	0	8	26	1	0	0	0	0	0	0	0	0	0	0	0	0	0	0	0	0	0	0	0	1	0	0	0	0	0	0	0	0
931	0	9	0	0	0	3	0	0	0	0	0	0	2	0	2	0	0	0	0	0	0	0	26	0	4	0	0	0	0	0	0	0	0	0	0	0	0	0	0	0	0	0	0	0	0	0	0	0	2	0	0	0
933	0	15	0	0	0	5	0	0	0	0	0	0	1	0	8	0	2	0	0	0	0	0	14	1	4	0	0	0	0	0	0	0	0	0	0	0	0	0	0	0	0	0	0	0	0	0	0	0	3	0	0	1
935	0	1	0	0	0	10	3	0	0	0	0	0	0	0	6	0	5	0	0	0	0	0	9	7	0	0	0	0	0	0	0	0	0	0	0	0	0	0	0	0	0	0	0	0	0	0	0	0	2	0	0	2
937	0	0	0	0	0	1	0	0	0	0	0	0	2	0	1	0	14	0	0	1	0	3	23	1	0	0	0	0	0	0	0	0	0	0	0	0	0	0	0	0	0	0	0	0	0	0	0	0	2	0	0	1
939	0	0	0	0	0	2	0	0	0	0	0	0	0	0	0	0	10	0	0	0	0	1	24	0	0	0	0	0	0	0	0	0	0	0	0	0	0	0	0	0	0	0	0	0	0	0	0	1	2	0	0	0
951	0	4	0	0	0	2	0	0	0	0	0	0	5	0	0	0	0	1	0	0	0	2	14	11	9	0	0	0	0	0	0	0	0	0	0	0	0	0	0	0	0	0	0	0	0	0	0	2	1	0	0	0
953	0	8	0	0	0	14	0	0	0	0	0	0	7	0	4	0	0	0	0	0	0	0	8	3	5	0	0	0	0	0	0	0	0	0	0	0	0	0	0	0	0	0	0	0	0	0	0	2	3	0	0	0
955	0	4	0	0	0	7	3	1	0	0	0	0	4	0	4	0	0	0	0	0	0	0	17	1	4	0	0	0	0	0	0	0	0	1	0	0	0	0	0	0	0	0	0	0	0	0	0	0	1	0	0	1
957	0	0	0	0	0	3	4	0	0	0	0	0	1	0	3	0	9	0	0	0	0	0	0	5	0	0	0	0	0	0	0	0	0	1	0	0	0	0	0	0	0	0	0	0	0	0	0	0	1	0	1	1
959	0	0	0	0	0	0	0	0	0	0	0	0	0	0	0	0	11	0	24	0	0	1	8	0	0	0	0	0	0	0	0	0	1	0	0	0	0	0	0	0	0	0	0	0	0	0	0	0	4	0	0	0
971	0	2	0	0	0	0	0	0	0	0	0	0	0	0	1	0	0	0	0	0	0	0	13	9	3	0	0	0	0	0	0	0	0	0	0	0	0	0	0	0	0	0	0	0	0	0	0	2	4	0	0	3
973	0	8	0	0	0	4	0	0	0	0	0	0	4	0	3	0	0	0	0	0	0	0	16	8	2	0	0	0	0	0	0	0	0	0	0	0	0	0	0	0	0	0	0	0	0	0	0	6	3	0	0	0
975	0	4	0	0	0	3	0	0	0	0	0	0	9	0	16	0	0	0	0	0	0	0	28	1	6	0	0	0	0	0	0	0	0	0	0	0	0	0	0	0	0	0	0	0	0	0	0	2	0	0	0	1
977	0	3	0	0	0	0	0	0	0	0	0	0	1	0	4	0	39	0	2	0	0	0	2	1	0	0	2	0	0	0	0	0	0	0	0	0	0	1	0	0	0	0	0	0	0	0	0	0	5	0	0	0
979	0	0	0	0	0	0	0	0	0	0	0	0	0	0	0	0	29	0	8	0	0	0	0	1	0	0	0	0	0	0	0	0	0	0	0	0	0	1	0	0	0	0	0	0	0	0	0	0	5	0	0	3
991	0	7	0	0	0	0	0	0	0	0	0	0	0	0	0	0	0	0	1	1	0	0	12	11	2	0	0	0	0	0	0	0	0	0	0	0	0	0	0	0	0	0	0	0	0	0	0	18	0	0	0	0
993	0	0	0	0	0	0	0	0	0	0	0	0	1	0	2	0	0	0	0	0	0	0	34	1	9	0	0	0	0	0	0	0	1	0	0	0	0	0	0	0	0	0	0	0	0	0	0	15	0	0	0	0
995	0	1	0	0	0	7	0	0	0	0	0	0	1	0	35	0	0	0	0	0	0	0	21	2	1	0	0	0	0	0	0	0	0	0	0	1	0	0	0	0	0	0	0	0	0	0	0	3	0	0	0	1
997	0	3	0	0	0	0	0	0	0	0	0	0	0	0	7	0	23	0	1	0	0	0	33	0	0	0	0	0	0	1	0	0	0	0	0	0	0	0	0	0	0	0	0	0	0	0	0	1	6	0	0	1
999	0	0	0	0	0	0	0	0	0	0	0	0	0	0	0	0	23	0	0	0	0	0	11	2	0	0	0	0	0	0	0	0	0	0	0	0	0	0	0	0	0	0	0	0	0	0	0	2	14	0	0	0
1011	0	0	0	0	0	7	1	0	0	0	0	0	1	0	17	1	0	1	0	0	0	1	1	10	2	0	0	0	0	0	0	0	0	2	0	0	0	0	0	0	0	0	0	0	0	0	0	1	0	0	0	0
1013	0	0	0	0	0	4	1	0	0	0	0	0	1	0	25	0	0	4	0	0	0	0	7	1	0	0	1	0	0	0	0	0	0	2	0	0	0	0	0	0	0	0	0	0	0	0	0	0	0	0	0	2
1015	0	0	0	0	0	19	1	0	0	0	0	0	1	0	3	0	0	1	0	0	0	0	0	2	1	0	0	0	0	0	0	0	0	2	0	1	0	0	0	0	0	1	0	0	0	0	0	0	0	0	0	1
1017	0	1	0	0	0	33	0	0	0	0	0	0	0	0	7	0	0	0	0	0	0	0	0	2	0	0	0	0	0	0	0	0	0	1	0	0	0	0	0	0	0	0	0	0	0	0	0	0	0	0	0	0
1019	0	0	0	0	0	11	1	0	2	0	0	0	1	0	13	0	0	2	0	0	0	0	5	4	1	0	1	0	0	0	0	0	0	0	0	1	0	0	0	0	0	0	0	0	0	0	0	0	0	0	0	0
1031	0	2	0	0	0	3	0	0	0	0	0	0	0	0	2	1	7	0	0	0	0	10	28	5	0	0	0	0	0	0	0	0	0	0	0	0	0	0	0	0	0	0	0	0	0	0	0	6	0	0	0	2
1033	0	1	0	0	0	18	1	0	1	0	0	0	1	0	22	0	1	0	0	0	0	0	1	7	0	0	0	0	0	0	0	0	0	1	0	2	0	0	0	1	0	0	0	0	0	0	0	1	0	0	0	3
1035	0	0	0	0	1	19	1	0	0	0	0	0	5	0	9	1	0	0	0	0	0	0	1	1	3	0	0	0	0	0	0	0	0	0	0	0	0	0	0	2	0	0	0	0	0	0	0	0	0	0	0	0
1037	0	0	0	0	0	20	0	0	1	0	0	0	1	0	4	1	0	0	0	0	0	0	1	2	3	0	0	0	0	0	0	0	0	0	0	0	0	0	0	0	0	0	0	0	0	0	0	0	0	0	0	0
1039	0	0	0	0	0	5	3	0	0	0	0	0	4	0	18	1	0	0	0	0	0	0	0	1	1	0	0	0	0	0	0	0	0	1	0	0	0	0	0	0	0	0	0	0	0	0	0	0	0	0	0	0
1051	0	2	0	0	0	0	0	0	0	0	0	0	2	0	0	2	6	0	2	0	0	0	47	0	0	0	1	0	0	1	0	0	0	0	0	0	0	0	0	0	0	0	0	0	0	0	0	2	0	0	0	3
1053	0	2	0	0	0	6	0	0	0	0	0	0	4	0	7	0	0	0	0	0	0	2	34	5	2	0	2	0	0	0	0	0	0	0	0	0	0	0	1	0	0	0	0	0	0	0	0	0	0	0	0	0
1055	0	2	0	0	0	14	0	0	1	0	0	0	0	0	7	0	1	0	0	0	0	0	4	3	0	0	0	0	0	0	0	0	0	1	0	0	0	0	0	0	0	0	0	0	0	0	0	0	0	0	0	0
1057	0	0	0	0	0	13	0	0	0	0	0	0	0	0	15	0	0	0	0	0	0	0	0	2	2	0	0	0	0	0	0	0	0	1	0	0	0	0	0	0	0	1	0	0	0	0	0	0	0	0	0	1
1059	0	0	0	0	0	12	1	0	0	0	0	0	2	0	10	0	0	3	0	1	0	0	1	1	2	0	0	0	0	0	0	0	0	0	0	2	0	0	0	1	0	0	0	0	0	0	0	0	0	0	0	1
1071	0	5	0	0	0	0	0	0	0	0	0	0	0	0	0	2	9	0	0	0	0	0	62	5	0	0	0	0	0	0	0	0	0	0	0	0	0	0	0	0	0	0	0	0	0	0	0	1	0	0	0	3
1073	0	3	0	0	0	0	0	0	0	0	0	0	0	0	0	0	8	0	0	0	0	0	48	0	0	0	0	0	0	0	0	0	0	0	0	0	0	0	0	0	0	0	0	0	0	0	0	2	0	0	0	0
1075	1	0	0	0	0	1	0	0	0	0	0	0	0	0	0	0	4	0	0	0	1	0	38	0	0	0	0	0	0	0	0	0	0	0	0	0	0	0	0	0	0	0	0	0	0	0	0	3	0	0	0	0
1077	0	2	0	0	0	8	0	0	0	0	0	0	0	0	13	0	0	0	0	0	0	0	22	4	0	0	2	0	0	1	0	0	0	0	0	0	0	1	0	0	0	0	0	0	0	0	0	3	0	0	0	0
1079	0	2	0	0	0	4	1	0	0	0	0	0	1	0	22	0	0	0	0	0	0	0	7	2	0	0	0	0	0	2	0	0	0	0	0	0	0	0	0	0	0	0	0	0	0	0	0	1	0	0	0	0
1091	0	2	0	0	0	0	0	0	0	0	0	0	0	0	0	0	8	0	0	0	0	0	29	0	0	0	0	0	0	0	0	0	0	0	0	0	0	0	0	0	0	0	0	0	0	0	0	3	0	0	0	0
1093	0	1	0	0	0	0	0	0	0	0	0	0	0	0	0	0	3	0	0	0	0	1	19	0	0	0	0	0	0	0	0	0	0	0	0	0	0	0	0	0	0	0	0	0	0	0	0	0	0	0	0	0
1095	0	4	0	0	0	1	0	0	0	0	0	0	0	0	0	0	7	0	0	0	0	0	49	2	0	0	0	0	0	0	0	0	0	0	0	0	0	0	0	0	0	0	0	0	0	0	0	2	0	0	0	0
1097	0	0	0	0	0	3	0	0	0	0	0	0	0	0	0	0	2	0	0	0	0	0	34	4	0	0	0	0	0	0	0	0	0	0	0	0	0	0	1	0	0	0	0	0	0	0	0	1	0	0	0	0
1099	0	0	0	0	0	1	0	0	0	0	0	0	0	0	0	0	0	0	0	0	0	0	44	7	0	0	0	0	0	1	0	0	0	0	0	0	0	0	0	0	0	0	0	0	0	0	0	9	0	0	0	1
1111	0	1	0	0	0	26	1	0	0	0	0	0	4	0	13	1	0	0	0	0	0	0	1	1	1	0	0	0	0	0	0	0	0	0	0	0	0	0	0	2	0	0	0	0	0	0	0	0	0	0	0	0
1113	0	0	0	0	0	16	2	0	1	0	0	0	1	0	22	0	0	2	0	0	0	0	0	1	2	0	0	0	0	0	0	0	0	0	0	0	0	0	0	0	0	0	0	0	0	0	0	0	0	0	0	0
1115	0	0	0	0	0	3	1	0	0	0	0	0	2	0	20	0	0	1	0	0	0	0	2	1	2	0	0	0	0	0	0	0	0	0	0	0	0	0	0	0	0	0	0	0	0	0	0	0	0	0	0	1
1117	0	0	0	0	0	13	3	0	2	0	0	0	0	0	35	0	0	0	0	0	0	0	1	1	5	0	1	0	0	0	0	0	0	0	0	0	0	0	0	0	0	0	0	0	0	0	0	0	0	0	0	0
1119	0	0	0	0	0	13	3	0	1	0	0	0	0	0	25	0	0	0	0	0	0	0	0	0	3	0	0	0	0	0	0	0	0	0	0	0	2	0	2	0	0	0	0	0	0	0	0	1	0	0	0	0
1131	0	0	0	0	0	19	2	1	0	0	0	0	1	0	8	1	0	1	0	0	0	0	10	1	1	0	2	0	0	0	0	0	0	0	0	0	0	0	0	0	0	0	0	0	0	0	0	0	0	0	0	0
1133	0	0	0	0	0	21	0	0	0	0	0	0	3	0	14	0	0	0	0	0	0	0	14	1	2	0	1	0	0	0	0	0	0	1	0	0	0	0	0	0	0	0	0	0	0	0	0	0	0	0	0	0
1135	0	0	0	0	1	13	0	0	1	0	0	0	3	0	17	0	0	1	0	0	0	0	3	2	0	0	1	0	0	0	0	1	0	1	0	0	0	0	0	0	0	0	0	0	0	0	0	0	0	0	0	2
1137	0	1	0	0	1	19	1	0	0	0	0	0	0	0	28	0	0	0	0	0	0	0	2	2	4	0	0	0	0	0	0	0	0	0	0	0	0	0	0	0	0	0	0	0	0	0	0	0	0	0	0	2
1139	0	0	0	0	0	21	3	0	1	1	0	0	1	0	24	0	0	0	0	0	0	0	7	2	5	0	1	0	0	0	0	0	0	0	0	0	0	0	1	0	0	0	0	0	0	0	0	0	0	0	0	4
1151	0	0	0	0	0	3	0	0	1	0	0	0	8	0	8	0	0	1	0	0	0	0	14	1	2	0	3	0	0	0	0	0	0	3	0	0	0	0	0	0	0	0	0	0	0	0	0	0	0	0	0	6
1153	0	0	0	0	0	6	0	0	1	0	0	0	2	0	9	0	0	0	0	0	0	0	25	1	1	0	0	0	0	0	0	1	0	1	0	0	0	0	0	0	0	0	0	0	0	0	0	0	0	0	0	1
1155	0	0	0	0	0	7	0	0	2	0	0	0	3	0	35	0	0	0	0	0	0	0	0	1	5	0	0	0	0	0	0	0	0	0	0	0	0	0	0	0	0	0	0	0	0	0	0	0	0	0	0	2
1157	0	0	0	0	54	17	0	0	1	0	0	0	3	0	24	0	0	0	0	0	0	0	1	1	2	0	1	0	0	0	0	0	0	0	0	0	0	0	2	0	0	1	0	0	0	0	0	0	0	0	0	0
1159	0	1	0	0	49	7	1	0	1	0	0	0	2	0	18	0	0	0	0	0	0	0	27	1	2	0	0	0	0	0	0	0	0	0	0	0	0	0	0	0	0	0	0	0	0	0	0	0	0	0	0	2
1171	0	1	0	0	0	7	1	0	1	0	0	0	3	0	13	0	0	0	0	0	0	0	32	2	4	0	0	0	0	0	0	0	0	0	0	0	0	0	0	0	0	0	0	0	0	0	0	0	0	0	0	0
1173	0	0	0	0	0	6	2	0	0	0	0	0	1	0	16	0	0	1	0	0	0	0	17	2	0	0	0	0	0	0	0	0	0	1	0	0	0	0	0	0	0	0	0	0	0	0	0	0	0	0	0	7
1175	0	0	0	0	8	25	1	0	0	0	0	0	2	0	35	0	0	3	0	0	0	0	17	2	0	0	2	0	0	0	0	0	0	0	0	0	0	0	0	0	0	0	0	0	0	0	0	0	0	0	0	0
1177	0	0	0	0	0	18	1	0	0	0	0	0	5	0	41	0	0	1	0	0	0	0	1	1	1	0	0	0	0	0	0	0	0	0	0	0	0	0	1	0	0	1	0	0	0	0	0	0	0	0	0	0
1179	0	0	0	0	0	2	0	0	0	0	0	0	1	0	18	0	0	0	0	0	0	0	15	1	4	0	0	0	0	0	0	0	0	0	0	0	0	0	0	0	0	0	0	0	0	0	0	0	0	0	0	1
1191	0	0	0	0	0	0	0	0	0	1	0	0	0	0	0	0	1	0	0	0	1	0	123	2	1	0	0	0	0	1	0	0	0	0	0	0	0	0	0	0	0	0	0	0	0	0	0	5	0	0	0	0
1193	0	0	0	0	0	0	0	0	0	0	0	0	0	0	1	0	0	0	0	0	0	0	98	5	2	0	0	0	0	1	0	0	0	0	0	0	0	0	0	0	0	0	0	0	0	0	0	1	0	0	0	0
1195	0	2	0	0	0	4	0	0	0	0	0	0	1	0	14	0	0	0	0	0	0	0	119	2	0	0	0	2	0	0	0	0	0	0	2	0	0	0	0	1	0	0	0	0	0	0	0	3	0	0	0	0
1197	0	1	0	0	0	2	0	0	0	0	0	0	2	0	13	0	0	0	0	0	0	0	100	7	2	0	0	1	0	0	0	0	0	0	1	0	0	0	0	0	0	0	0	0	0	0	0	3	0	0	0	0
1199	0	0	0	0	0	13	0	0	0	0	0	0	0	0	13	0	2	1	0	0	0	0	8	3	3	0	0	0	0	0	0	0	0	2	0	0	0	0	0	0	0	0	0	0	0	0	0	0	0	0	0	0
1211	0	0	0	0	0	9	4	0	1	0	0	0	1	0	31	1	0	0	0	0	0	0	0	1	1	0	0	0	0	0	0	0	0	0	0	0	0	0	0	0	0	0	0	0	0	0	0	0	0	0	0	0
1213	0	0	0	0	0	22	0	0	0	0	0	0	2	0	10	0	0	0	0	0	0	0	0	2	3	0	0	0	0	0	0	0	0	0	0	0	0	0	0	0	0	1	0	0	0	0	0	0	0	0	0	0
1215	0	0	0	0	0	8	0	0	1	0	0	0	2	0	17	0	0	0	0	0	0	0	0	1	4	0	0	0	0	0	0	0	0	1	0	0	0	0	0	0	0	0	0	0	0	0	0	0	0	0	0	3
1217	0	0	0	0	0	13	2	0	0	0	0	0	0	0	12	0	0	0	0	0	0	0	0	1	8	0	0	0	0	0	0	0	0	0	0	0	1	0	0	0	0	0	0	0	0	0	0	0	0	0	0	0
1219	0	0	0	0	0	16	3	0	0	0	0	0	3	0	15	0	0	0	0	0	0	0	1	1	4	0	2	0	0	0	0	0	0	0	0	0	0	0	0	0	0	0	0	0	0	0	0	0	0	0	0	0
1231	0	0	0	0	0	7	3	0	0	0	0	0	2	0	11	0	0	0	0	0	0	0	0	2	3	0	0	0	0	0	0	0	0	0	0	0	0	0	0	0	0	0	0	0	0	0	0	0	0	0	0	1
1233	0	0	0	0	0	13	3	0	0	0	0	0	2	0	11	0	0	0	0	0	0	0	5	2	3	0	0	0	0	0	0	0	0	0	0	0	0	0	0	0	0	0	0	0	0	0	0	0	0	0	0	0
1235	0	0	0	0	0	18	2	0	0	0	0	0	2	0	9	0	0	0	0	0	0	0	6	1	5	0	0	0	0	0	0	0	0	0	0	0	0	0	0	0	0	0	0	0	0	0	0	0	0	0	0	2
1237	0	0	0	0	0	7	0	0	0	0	0	0	0	0	16	0	0	0	0	0	0	0	3	0	6	0	0	0	0	0	0	0	0	0	0	0	0	0	0	0	0	0	0	0	0	0	0	0	0	0	0	0
1239	0	0	0	0	1	1	0	0	0	0	0	0	5	0	8	0	0	0	0	0	0	0	24	2	3	0	0	0	0	0	0	0	0	0	0	0	0	0	0	0	0	0	0	0	0	0	0	0	0	0	0	0
1251	0	0	0	0	0	17	1	0	0	0	0	0	0	0	27	0	0	0	0	0	0	0	1	1	4	0	0	0	0	0	0	0	0	0	0	0	0	0	0	0	0	0	0	0	0	0	0	0	0	0	0	0
1253	0	0	0	0	0	10	1	0	0	0	0	0	4	0	2	0	0	0	0	0	0	0	10	0	2	0	0	0	0	0	0	0	0	0	0	0	0	0	0	0	0	0	0	0	0	0	0	0	0	0	0	0
1255	0	0	0	0	0	12	1	0	0	0	0	0	2	0	12	0	0	0	0	0	0	0	18	5	1	0	0	0	0	0	0	0	0	0	0	0	0	0	0	0	0	0	0	0	0	0	0	0	0	0	0	0
1257	0	0	0	0	0	10	4	0	0	0	0	0	2	0	11	0	0	0	0	0	0	0	13	0	4	0	0	0	0	0	0	0	0	0	0	0	0	0	0	0	0	0	0	0	0	0	0	0	0	0	0	0
1259	0	0	0	0	0	6	2	0	0	0	0	0	1	0	14	0	0	0	0	0	0	0	24	0	4	0	0	0	0	0	0	0	0	0	0	0	0	0	0	0	0	0	0	0	0	0	0	2	0	0	0	0
1271	0	0	0	0	0	13	2	0	0	0	0	0	2	0	19	0	0	0	0	0	0	0	0	0	0	0	0	0	0	0	0	0	0	0	0	0	0	0	0	0	0	1	0	0	0	0	0	0	0	0	0	0
1273	0	0	0	0	0	7	2	0	0	0	0	0	8	0	22	0	0	0	0	0	0	0	0	0	0	0	0	0	0	0	0	0	0	1	1	0	0	0	0	0	0	0	0	0	0	0	0	0	0	0	0	1
1275	0	0	0	0	0	2	2	0	0	0	0	0	3	0	28	0	0	0	0	0	0	0	2	1	2	0	0	0	0	0	0	0	0	1	0	0	0	0	0	0	0	0	0	0	0	0	0	0	0	0	0	0
1277	0	0	0	0	0	1	2	0	1	0	0	0	6	0	26	0	0	0	0	0	0	0	1	8	4	0	0	0	0	0	0	0	0	1	0	0	0	0	0	0	0	0	0	0	0	0	0	0	0	0	0	0
1279	0	0	0	0	0	9	0	0	1	0	0	0	3	0	19	0	0	0	0	0	0	0	3	1	2	0	0	0	0	0	0	0	0	1	0	0	0	0	0	0	0	0	0	0	0	0	0	0	0	0	0	0
1291	0	1	0	0	0	11	0	0	0	0	0	0	0	0	24	1	0	0	0	0	0	0	33	2	1	0	0	0	0	0	0	0	0	0	0	0	0	0	0	0	0	0	0	0	0	0	0	0	0	0	0	0
1293	0	0	0	0	0	2	2	0	0	0	0	0	4	0	21	1	0	0	0	0	0	0	4	2	0	0	1	0	0	0	0	1	0	0	0	0	0	0	0	0	0	0	0	0	0	0	0	0	0	0	0	1
1295	0	0	0	0	0	5	2	0	0	0	0	0	3	0	15	0	0	1	0	0	0	0	12	2	2	0	0	0	0	0	0	0	0	0	0	0	0	0	0	0	0	0	0	0	0	0	0	0	0	0	0	1
1297	0	0	0	0	0	1	1	0	0	0	0	0	2	0	14	0	0	0	0	0	0	0	9	2	2	0	0	0	0	1	0	0	0	0	0	0	0	0	0	0	0	0	0	0	0	0	0	1	0	0	0	0
1299	2	0	0	0	0	0	0	0	0	0	0	0	3	0	26	0	0	0	0	0	0	0	13	1	3	0	0	0	0	0	0	0	0	0	0	0	0	0	0	0	0	0	0	0	0	0	0	0	0	0	0	0
1311	0	2	0	0	0	0	0	0	0	0	0	0	1	0	0	0	1	1	0	0	0	0	17	23	1	0	0	0	0	0	0	0	0	0	0	0	0	0	0	0	0	0	0	2	0	0	0	0	11	0	0	0
1313	0	1	0	0	0	1	2	1	0	0	0	0	0	0	0	0	0	0	0	0	0	0	15	3	2	0	0	0	0	0	0	0	0	1	0	0	0	0	0	0	0	0	0	0	0	0	0	2	11	0	0	1
1315	0	6	0	0	0	14	0	0	1	0	0	0	0	0	15	0	0	3	0	0	0	0	1	3	1	0	0	0	0	0	0	0	0	0	0	0	0	0	0	0	0	0	0	0	0	0	0	0	1	0	0	2
1317	0	1	0	0	0	3	0	0	0	0	0	0	2	0	20	0	0	1	3	0	0	0	24	1	0	0	0	0	0	0	0	0	0	1	0	0	0	0	0	1	0	0	0	0	0	0	0	0	0	0	0	0
1319	0	5	0	0	0	5	1	0	0	0	0	0	1	0	6	0	0	0	0	0	0	0	19	5	0	0	5	0	0	0	0	0	0	0	0	0	0	0	0	0	0	0	0	0	0	0	0	6	0	0	0	0
1331	0	2	1	0	0	0	0	0	0	0	0	0	1	0	0	0	1	0	0	0	0	0	29	4	6	0	0	0	0	0	0	0	0	0	0	0	0	0	0	0	0	0	0	0	0	0	0	0	7	0	0	0
1333	0	0	0	0	0	1	0	0	0	0	0	0	0	0	0	0	0	0	0	0	0	0	25	2	1	0	1	0	0	0	0	0	0	0	0	0	0	0	0	0	0	0	0	0	0	0	0	0	2	0	0	1
1335	0	3	0	0	0	16	0	0	0	0	0	0	2	0	18	0	0	1	0	1	0	0	4	4	0	0	1	0	0	0	0	0	0	0	0	0	0	0	0	2	0	0	0	0	0	0	0	0	0	0	0	2
1337	0	3	0	0	0	4	0	0	0	0	0	0	0	0	20	0	0	0	0	0	0	0	0	4	1	0	0	0	0	0	0	0	0	1	0	0	0	0	0	4	0	0	0	0	0	0	0	0	0	0	0	0
1339	0	0	0	0	0	0	0	0	0	0	0	0	0	0	13	0	0	0	0	0	0	0	3	1	2	0	2	0	0	0	0	0	0	0	0	0	0	0	0	2	0	1	0	0	0	0	0	0	0	0	0	0
1351	0	0	6	0	0	0	0	0	0	0	0	0	1	0	0	0	0	0	0	1	0	0	36	3	3	0	0	0	0	0	0	0	0	0	0	0	0	0	0	0	0	0	0	0	0	0	0	0	0	0	0	0
1353	0	0	0	0	0	0	0	0	0	1	0	0	1	0	2	0	0	0	0	0	0	0	24	1	2	0	7	0	0	0	0	0	0	1	0	0	0	0	0	0	0	0	0	0	0	0	0	1	1	0	0	4
1355	0	1	0	0	0	9	0	0	0	0	0	0	1	0	8	0	0	1	0	0	0	0	8	5	1	0	2	0	0	0	0	0	0	2	0	0	0	0	1	0	0	1	0	0	0	0	0	0	0	0	0	0
1357	0	1	0	0	0	3	1	0	0	0	0	0	1	0	13	0	0	1	1	0	0	0	1	0	1	0	0	0	0	0	0	0	0	2	0	0	0	0	0	1	0	0	0	0	0	0	0	0	0	0	0	0
1359	0	1	0	0	0	1	0	0	0	0	0	0	1	0	8	0	1	2	0	0	0	0	14	2	0	0	0	0	0	0	0	0	0	0	0	0	0	0	0	1	0	0	0	0	0	0	0	0	2	0	0	0
1371	0	0	12	0	0	0	0	0	0	2	0	0	0	0	0	0	0	0	0	0	0	0	39	0	2	0	0	0	0	0	0	0	0	0	0	0	0	0	0	0	0	0	0	0	0	0	0	0	0	0	0	0
1373	0	3	1	0	0	0	0	0	0	0	0	0	0	0	2	0	0	0	0	0	0	0	20	3	0	0	0	0	0	0	0	0	0	2	0	0	0	0	0	0	0	0	0	0	0	0	0	0	0	0	0	1
1375	0	0	0	0	0	0	0	0	0	2	0	0	0	0	1	0	0	0	0	0	0	0	17	3	3	1	0	0	0	0	0	0	0	2	0	0	0	0	0	0	0	0	0	0	0	0	0	0	3	0	0	0
1377	0	3	0	0	0	1	0	1	0	0	0	0	1	0	2	0	0	0	0	0	0	0	23	2	0	0	0	0	0	0	0	0	0	0	0	0	0	0	0	0	0	0	0	0	0	0	0	1	0	0	0	0
1379	0	0	0	0	0	1	0	0	0	0	0	0	0	0	0	1	1	0	0	0	0	0	9	2	0	0	1	0	0	1	0	0	0	0	0	0	0	0	0	0	0	0	0	0	0	0	0	2	3	0	0	0
1391	0	0	7	0	0	0	0	0	0	0	0	0	0	0	0	0	1	0	0	0	0	0	20	1	1	0	0	0	0	0	0	0	0	0	0	0	0	0	0	0	0	0	0	0	0	0	0	0	2	0	0	1
1393	0	0	6	0	0	0	0	0	1	0	0	0	0	0	0	0	0	0	0	0	0	0	16	1	0	0	0	1	0	0	0	0	0	0	0	0	0	0	0	0	0	0	0	1	0	0	0	0	2	0	0	0
1395	0	0	0	0	0	0	0	0	0	0	0	0	0	0	0	0	0	0	0	0	0	0	36	0	0	0	0	0	0	0	0	0	0	0	0	0	0	0	0	0	0	0	0	0	0	0	0	0	9	0	0	0
1397	0	3	0	0	0	2	0	0	0	0	0	0	0	0	0	0	0	0	0	0	0	0	24	3	2	0	0	0	0	2	0	0	0	0	0	0	0	0	0	0	0	0	0	0	0	0	0	0	27	0	0	0
1399	1	0	0	0	0	5	0	0	0	0	0	0	1	0	0	0	0	0	0	1	0	0	36	3	2	0	0	0	0	0	0	0	0	0	0	0	0	0	0	0	0	0	0	0	0	0	0	9	8	0	0	0
1411	0	3	0	0	0	0	0	0	0	0	0	0	0	0	2	0	6	0	0	0	0	0	8	2	0	0	0	0	0	1	0	0	0	0	0	0	0	1	0	0	0	0	0	0	0	0	0	0	4	0	0	0
1413	0	6	0	0	0	0	0	0	0	0	0	0	0	0	0	0	9	0	0	0	0	0	16	2	0	0	0	0	0	0	0	0	0	0	0	0	0	0	0	0	0	0	0	0	0	0	0	0	4	0	0	0
1415	0	2	0	0	0	1	0	0	0	0	0	0	0	0	0	0	2	0	0	0	0	0	30	2	0	0	0	0	0	1	0	0	1	0	0	0	0	1	0	0	0	0	0	0	0	0	0	0	4	0	0	2
1417	0	3	0	0	0	0	0	0	0	0	0	0	0	0	0	0	2	0	0	0	0	0	38	1	1	0	0	0	0	0	0	0	0	0	0	0	0	0	0	0	0	0	0	0	0	0	0	0	9	0	0	0
1419	0	2	0	0	0	1	0	0	0	0	0	0	0	0	0	0	0	0	0	0	0	0	44	5	0	0	0	0	0	1	0	0	0	0	0	0	0	2	0	0	0	0	0	0	0	0	0	0	7	0	0	0
1431	0	7	0	0	0	4	0	0	0	0	0	0	0	0	0	0	2	0	0	0	0	0	20	2	0	0	0	0	0	1	0	0	0	0	0	0	0	0	0	0	0	0	0	0	0	0	0	0	6	0	0	0
1433	0	7	0	0	0	0	0	0	0	0	0	0	0	0	0	0	4	0	0	0	0	0	3	1	0	0	0	0	0	0	0	0	0	0	0	0	0	0	0	0	0	0	0	0	0	0	0	0	1	0	0	0
1435	0	3	0	0	0	1	0	0	0	0	0	0	0	0	0	0	1	0	0	0	0	0	12	2	0	0	0	0	0	1	0	0	0	0	0	0	0	1	0	0	0	0	0	0	0	0	0	0	5	0	0	0
1437	0	5	0	0	0	1	0	0	0	0	0	0	0	0	0	0	1	0	0	0	0	0	47	5	3	0	0	0	0	1	0	0	0	0	0	0	0	2	0	0	0	0	0	0	0	0	0	0	2	0	0	2
1439	0	1	0	0	0	0	0	0	0	0	0	0	0	0	0	0	0	0	0	0	0	0	38	5	0	0	0	0	0	1	0	0	0	0	0	0	0	0	0	0	0	0	0	0	0	0	0	0	13	0	0	1
1451	0	2	0	0	0	9	0	0	0	0	0	0	0	0	3	0	0	0	0	0	0	0	26	4	2	0	0	0	0	1	0	0	0	0	0	0	0	0	0	0	0	0	0	0	0	0	0	0	1	0	0	0
1453	0	3	0	0	0	3	0	0	0	0	0	0	0	0	2	0	0	0	0	0	0	0	20	6	1	0	0	0	0	1	0	0	0	0	0	0	0	0	0	0	0	0	0	0	0	0	0	0	4	0	0	0
1455	0	2	0	0	0	1	0	0	0	0	0	0	0	0	1	0	1	2	0	0	0	0	52	4	2	0	0	0	0	0	0	0	0	0	0	0	0	0	0	0	0	0	0	0	0	0	0	2	2	0	0	1
1457	0	4	0	0	0	0	1	0	3	0	0	0	0	0	1	0	0	0	0	0	0	0	49	10	2	0	0	0	0	0	0	0	1	0	0	0	0	0	0	0	0	0	0	0	0	0	0	0	4	0	0	0
1459	0	4	0	0	0	6	0	0	0	0	0	0	0	0	4	0	0	2	0	0	0	0	37	7	2	0	0	0	0	0	0	0	0	0	0	0	0	1	0	0	0	0	0	0	0	0	0	0	10	0	0	1
1471	0	3	0	0	0	11	0	0	1	0	0	0	1	0	0	0	1	0	0	0	0	0	17	2	1	0	1	0	0	0	0	0	1	0	0	0	0	0	0	0	0	0	0	0	0	0	0	1	5	0	0	0
1473	0	2	0	0	0	11	1	1	0	0	0	0	0	0	5	0	0	0	0	0	0	0	10	2	7	0	2	0	0	0	0	0	0	0	0	0	0	0	0	0	0	0	0	0	0	0	0	0	0	0	0	0
1475	0	3	0	0	0	1	0	0	1	0	0	0	0	0	4	0	0	0	0	0	0	0	18	7	1	0	0	0	0	0	0	0	0	0	0	0	0	0	0	0	0	0	0	0	0	0	0	1	5	0	0	0
1477	0	1	0	0	0	2	2	0	2	0	0	0	1	0	2	0	0	0	0	0	0	0	24	6	2	0	0	0	0	0	0	0	0	0	0	0	0	0	0	1	0	0	0	0	0	0	0	1	4	0	0	0
1479	0	0	0	0	0	3	0	0	1	0	0	0	3	0	14	0	0	0	0	0	0	0	13	17	2	0	1	0	0	0	0	0	0	1	1	0	0	0	0	0	0	0	1	0	0	0	0	2	2	0	0	0
1491	0	1	0	0	0	16	1	0	0	0	0	0	1	0	1	0	0	1	0	0	0	0	40	2	7	0	0	0	0	0	0	0	0	1	0	0	0	0	0	0	0	0	0	0	0	0	0	0	2	0	0	0
1493	0	2	0	0	0	9	0	0	1	0	0	0	0	0	9	0	0	0	0	0	0	0	5	5	13	0	1	0	0	0	0	0	0	0	0	0	0	0	0	0	0	0	0	0	0	0	0	0	0	0	0	0
1495	0	2	0	0	0	4	0	0	1	0	0	0	0	0	22	0	0	0	0	0	0	0	1	5	6	0	0	0	0	0	0	0	0	0	0	0	0	0	0	0	0	0	0	0	0	0	0	0	0	0	0	0
1497	0	1	0	0	0	2	0	0	0	0	0	0	1	0	25	0	0	2	0	0	0	0	6	8	7	0	0	0	0	0	0	0	0	0	0	0	0	0	0	0	0	0	0	0	0	0	0	0	0	0	0	0
1499	0	0	0	0	0	1	0	0	1	0	0	0	0	0	23	0	0	0	0	0	0	0	0	6	9	0	2	0	0	0	0	0	0	0	0	0	0	0	0	0	0	0	0	0	0	0	0	2	0	0	0	0
1511	0	1	1	0	0	1	0	0	0	0	0	0	0	0	1	0	0	0	0	0	0	0	35	0	0	0	0	0	0	0	0	0	0	0	0	0	0	0	0	0	0	0	0	0	0	0	0	0	5	0	0	0
1513	0	1	0	0	0	0	0	0	0	0	0	0	1	0	1	0	0	0	0	0	0	0	24	2	0	0	0	0	0	1	0	0	0	0	0	0	0	0	0	0	0	0	0	1	0	0	0	0	10	0	0	0
1515	0	1	0	0	0	0	0	0	0	0	0	0	0	0	0	0	0	0	0	0	0	0	36	1	0	0	0	0	0	1	0	0	0	0	0	0	0	1	0	0	0	0	0	0	0	0	0	0	9	0	0	0
1517	0	3	1	0	0	0	0	0	0	0	0	0	0	0	2	0	0	0	1	0	0	0	57	5	1	0	0	0	0	0	0	0	0	0	0	0	0	1	0	0	0	0	0	0	0	0	0	8	1	0	0	0
1519	0	4	0	0	0	3	0	0	0	0	0	0	0	0	3	0	2	0	0	0	0	0	16	1	3	0	0	0	0	1	0	0	0	0	0	0	0	0	0	0	0	0	0	0	0	0	0	1	2	0	0	0
1531	0	1	0	0	0	1	0	0	0	0	0	0	1	0	0	0	0	0	0	0	0	0	28	3	0	0	0	0	0	1	0	0	0	0	0	0	0	0	0	0	0	0	0	0	0	0	0	0	16	0	0	0
1533	0	3	0	0	0	0	0	0	0	0	0	0	0	0	0	0	0	0	0	0	0	0	35	0	1	0	0	0	0	0	0	0	0	0	0	0	0	1	0	0	0	0	0	0	0	0	0	3	7	0	0	0
1535	0	1	0	0	0	0	0	0	0	0	0	0	0	0	0	0	0	0	0	0	0	0	15	1	0	0	0	0	0	0	0	0	0	0	0	0	0	0	0	0	0	0	0	0	0	0	0	0	9	0	0	1
1537	0	3	1	0	0	0	0	0	0	0	0	0	0	0	2	0	0	0	0	0	0	0	24	0	1	0	0	0	0	1	0	0	0	0	0	0	0	1	0	0	0	0	0	0	0	0	0	0	12	0	0	0
1539	0	0	0	0	0	0	0	0	0	0	0	0	3	0	1	0	0	0	0	0	0	0	32	3	0	0	0	0	0	1	0	0	0	0	0	0	0	0	0	0	0	0	0	0	0	1	0	0	7	0	0	0
1551	0	8	0	0	0	1	0	0	0	0	0	0	0	0	0	0	0	0	0	0	0	0	47	5	1	0	0	0	0	0	0	0	0	0	0	0	0	0	0	0	0	0	0	0	0	0	0	0	13	0	0	0
1553	0	4	0	0	0	0	0	0	0	0	0	0	1	0	1	0	0	0	0	0	0	0	34	1	2	0	0	0	0	0	0	0	0	0	0	0	0	1	0	0	0	0	0	1	0	0	1	0	14	0	0	0
1555	0	0	1	0	0	1	0	0	0	0	0	0	0	0	0	0	0	0	0	0	0	0	45	3	6	0	0	0	0	0	0	0	0	0	0	0	0	0	0	0	0	0	0	0	0	0	0	0	22	0	0	1
1557	0	3	0	0	0	1	0	0	0	0	0	0	0	0	2	0	0	0	0	0	0	0	42	3	1	0	0	0	0	1	0	0	0	0	0	0	0	0	0	0	0	0	0	0	0	0	0	0	15	0	0	0
1559	0	2	0	0	0	2	0	0	0	0	0	0	1	0	0	0	0	0	0	0	0	0	23	4	2	0	0	0	0	0	0	0	0	0	0	0	0	0	0	0	0	0	0	0	0	0	0	0	1	0	0	0
1571	0	0	0	0	0	2	0	0	0	0	0	0	1	0	6	0	0	0	2	0	0	0	13	8	2	0	0	0	0	0	0	0	0	0	0	0	0	0	0	0	0	0	0	0	0	0	0	0	1	0	0	0
1573	0	2	0	0	0	3	0	0	0	0	0	0	2	0	1	0	0	0	0	0	0	0	39	13	2	0	0	0	0	0	0	0	0	0	0	0	0	0	0	0	0	0	0	0	0	0	0	2	4	0	0	0
1575	0	3	0	0	0	0	1	0	0	0	0	0	0	0	1	0	0	0	0	0	0	0	41	4	4	0	0	0	0	1	0	0	0	0	0	0	0	0	0	0	0	0	0	0	0	0	0	0	4	0	0	0
1577	0	1	0	0	0	0	0	0	0	0	0	0	0	0	0	0	0	0	0	0	0	0	39	2	10	0	0	0	0	0	0	0	0	0	0	0	0	1	0	1	0	0	0	0	0	0	0	0	5	0	0	0
1579	0	2	0	0	0	0	0	0	0	0	0	0	3	0	0	0	0	0	0	0	0	0	25	1	16	0	0	0	0	1	0	0	0	0	0	0	0	0	0	0	0	0	0	0	0	0	0	0	3	0	0	0
1591	0	1	0	0	0	6	1	0	0	0	0	0	3	0	10	0	0	1	0	0	0	0	0	0	12	0	1	0	0	0	0	0	0	1	1	0	0	0	0	1	0	0	0	0	0	0	0	0	0	0	0	0
1593	0	2	0	0	0	16	1	0	0	0	0	0	4	0	10	0	0	0	0	0	0	0	0	4	0	0	0	0	0	0	0	0	0	2	0	0	0	0	0	0	0	0	0	0	0	0	0	0	2	0	0	0
1595	0	1	0	0	0	7	3	0	0	0	0	0	2	0	6	0	0	0	0	0	0	0	0	2	2	0	0	0	0	0	0	0	0	0	0	0	0	0	0	0	0	0	0	0	0	0	0	0	0	0	0	0
1597	0	0	0	0	0	9	0	0	0	0	0	0	0	0	6	0	0	0	0	0	0	0	1	6	2	0	2	0	0	0	0	0	0	0	0	0	0	0	0	0	0	0	0	0	0	0	0	0	1	0	0	0
1599	0	1	0	0	0	9	1	0	0	0	0	0	0	0	9	0	0	0	0	0	0	0	0	4	11	0	1	0	0	0	0	0	0	2	0	0	0	0	0	0	0	0	0	0	0	0	0	0	0	0	0	0
1611	0	1	0	0	0	3	0	0	0	0	0	0	0	0	1	0	0	0	0	0	0	0	20	1	1	0	0	0	0	2	0	0	0	0	0	0	0	0	0	0	0	0	0	0	0	0	0	0	2	0	0	0
1613	0	0	0	0	0	2	0	0	0	0	0	0	0	0	0	0	1	0	0	0	0	0	34	10	0	0	0	0	0	0	0	0	0	0	0	0	0	0	0	0	0	0	0	0	0	0	0	0	1	0	0	0
1615	0	0	0	0	0	0	0	0	0	0	0	0	0	0	0	0	1	0	0	0	0	0	19	18	0	0	0	0	0	0	0	0	0	0	0	0	0	0	0	0	0	0	0	1	0	1	0	0	0	0	0	0
1617	1	0	0	0	0	0	0	0	0	0	0	0	0	0	2	0	2	0	0	0	0	0	11	16	8	0	0	0	0	0	0	0	0	0	0	0	0	0	0	0	0	0	0	4	1	0	0	0	0	0	0	0
1619	0	0	0	0	0	3	5	0	0	0	1	0	0	0	26	0	0	0	0	0	0	0	4	20	2	0	0	0	0	0	0	0	0	0	0	0	0	0	0	0	0	2	0	0	0	0	0	0	0	0	0	0
1631	0	0	0	0	0	5	0	0	0	0	0	0	1	0	0	0	0	0	0	0	0	0	26	1	1	0	0	0	0	0	0	0	1	0	0	0	0	0	0	0	0	0	0	0	0	0	0	0	0	0	0	0
1633	0	1	0	0	0	0	0	0	0	0	0	0	0	0	2	0	0	1	0	0	0	0	25	3	4	0	0	0	0	4	0	0	0	0	0	0	0	0	0	0	0	0	0	0	0	0	0	0	0	0	0	0
1635	0	0	0	0	0	8	0	0	0	0	0	0	0	0	0	0	1	0	0	0	0	0	44	21	10	0	0	0	0	2	0	0	0	0	0	0	0	1	0	0	0	0	0	0	0	0	0	0	1	0	0	0
1637	0	0	0	0	0	0	1	0	0	0	0	0	0	0	2	0	0	0	0	0	0	0	10	6	10	0	0	0	0	0	0	0	0	0	0	0	0	0	0	0	0	1	0	1	0	0	0	0	0	0	0	0
1651	0	4	0	0	0	3	0	0	0	0	0	0	5	0	7	0	0	0	0	0	0	0	12	6	7	0	0	0	0	0	0	0	0	0	0	0	0	0	0	0	0	0	0	0	0	0	0	1	0	0	0	2
1653	0	2	0	0	0	6	0	0	0	0	0	0	1	0	22	0	0	0	0	0	0	0	4	4	9	0	0	0	0	0	0	0	0	2	0	0	0	0	0	0	0	0	0	0	0	0	0	0	0	0	0	0
1655	1	0	0	0	0	0	0	0	0	0	0	0	0	0	1	0	0	0	0	0	0	0	16	6	10	0	1	0	0	0	0	0	1	2	0	0	0	0	0	0	0	0	0	0	0	2	0	3	0	0	0	0
1657	1	2	0	0	0	3	1	0	0	0	0	0	0	0	0	0	0	0	0	0	0	0	5	3	5	0	0	0	0	0	1	0	2	0	0	0	0	0	0	0	0	0	0	0	0	0	0	0	1	0	0	3
1659	0	0	0	0	0	0	0	0	0	0	2	0	0	0	0	0	0	0	0	0	0	0	1	2	0	0	0	0	0	2	0	0	0	0	0	0	0	0	0	0	0	0	0	0	0	0	0	0	0	0	0	0
1671	0	2	0	0	0	4	0	0	0	0	0	0	0	0	7	0	0	0	0	0	0	0	17	11	10	0	0	0	0	0	0	0	0	1	0	0	0	0	0	0	0	0	0	0	0	0	0	2	0	0	0	1
1673	0	5	0	0	0	1	0	0	0	0	0	0	0	0	16	0	0	0	0	0	0	0	0	21	13	0	0	0	0	0	0	0	0	0	0	0	0	0	0	0	0	0	0	0	0	0	0	3	0	0	0	0
1675	0	1	0	0	0	3	0	0	0	0	0	0	1	0	22	0	0	0	0	0	0	0	1	61	19	0	5	0	0	0	0	0	0	2	0	0	0	0	0	0	0	1	0	0	0	0	0	3	0	0	0	0
1677	0	1	0	0	0	2	1	0	0	0	0	0	0	0	12	0	0	0	0	0	0	0	3	23	11	0	1	0	0	0	0	0	0	0	0	0	0	0	0	0	0	0	0	0	0	0	0	3	0	0	0	0
1679	0	4	0	0	0	2	0	0	0	0	0	0	0	0	15	0	0	0	0	0	0	0	1	8	0	0	0	0	0	0	0	0	0	0	0	0	0	0	0	0	0	0	0	0	0	0	0	2	0	0	0	0
1691	0	5	0	0	0	0	0	0	0	0	0	0	2	0	25	0	0	0	0	0	0	0	0	29	10	0	0	0	0	0	0	0	0	1	0	0	0	0	0	0	0	1	0	0	0	0	0	0	0	0	0	0
1693	0	0	0	0	0	0	0	0	0	0	0	0	0	0	67	0	0	0	0	0	0	0	0	29	5	0	0	0	2	0	1	0	0	0	0	0	0	0	0	0	0	1	0	0	0	0	0	0	0	0	0	0
1695	0	0	0	0	0	3	0	0	0	0	0	0	0	0	25	0	0	0	0	0	0	0	0	12	3	0	0	0	0	0	0	0	0	3	0	0	0	0	0	0	0	0	0	0	0	0	0	0	0	0	0	0
1697	0	1	0	0	0	1	0	0	0	0	0	0	0	0	15	0	0	0	0	0	0	0	0	12	0	0	1	0	0	0	0	0	0	2	0	1	0	0	0	0	0	0	0	0	0	0	0	0	0	0	0	0
1699	0	0	0	0	0	0	3	0	0	0	1	0	0	0	3	0	0	0	0	0	0	0	0	41	1	0	0	0	0	0	0	0	0	2	0	0	0	0	0	0	0	0	0	0	0	0	0	0	0	0	0	0
