	Acer_negundo	Acer_rubrum	Acer_saccharum	Ailanthus_altissima	Amelanchier_arborea	Asimina_triloba	Bumelia_lanuginosa	Carya_cordiformis	Carya_glabra	Carya_ovata	Carya_texana	Carya_tomentosa	Celtis_occidentalis	Celtis_tenuifolia	Cercis_canadensis	Cornus_drummondii	Cornus_florida	Diospyros_virginiana	Frangula_caroliniana	Fraxinus_americana	Gleditsia_triacanthos	Juglans_nigra	Juniperus_virginiana	Lindera_benzoin	Lonicera_maackii	Ostrya_viriginiana	Platanus_occidentalis	Prunus_americana	Prunus_serotina	Quercus_alba	Quercus_marilandica	Quercus_muehlenbergii	Quercus_rubra	Quercus_stellata	Quercus_velutina	Sassafras_albidum	Tilia_americana	Ulmus_rubra	Viburnum_rufidulum
1897	0	0	0	0	1	0	0	0	0	0	1	0	0	0	0	0	4	0	0	0	0	0	0	0	0	0	0	0	0	2	1	0	5	0	4	0	0	0	0
1898	0	0	0	1	0	0	0	0	5	2	3	1	0	0	0	0	6	0	0	1	0	1	0	0	0	0	0	1	0	2	0	0	7	5	2	1	0	0	0
1899	0	0	0	0	0	0	0	0	0	4	2	1	0	0	0	0	1	0	3	2	0	0	0	0	0	0	0	0	0	3	0	0	4	3	2	0	0	0	6
1900	0	0	1	0	0	0	1	0	0	3	0	0	0	0	0	0	0	0	11	18	1	2	0	0	0	0	0	0	0	4	0	0	6	0	0	0	0	1	0
1901	0	0	0	0	0	0	0	0	0	1	0	1	0	0	0	0	4	0	26	12	0	0	0	0	0	0	0	0	0	4	0	0	7	0	1	0	0	0	0
1902	0	0	0	0	0	0	0	0	1	0	0	0	0	0	0	0	11	0	30	1	0	0	0	0	1	0	0	1	0	8	0	0	5	0	2	5	0	0	0
1903	0	0	0	0	0	0	0	0	2	2	1	0	0	0	0	0	8	0	88	1	0	0	0	0	2	0	0	0	0	1	0	0	2	0	2	7	0	0	0
1904	0	0	0	0	0	0	0	0	1	1	0	0	0	0	0	0	4	0	92	1	0	0	0	0	3	0	0	0	0	0	0	0	3	0	1	13	0	0	0
1905	0	1	0	0	0	17	0	0	0	0	0	1	0	0	0	0	9	0	69	3	0	0	0	0	4	0	0	0	0	0	0	0	1	0	0	3	0	0	0
1906	0	0	0	0	0	12	0	0	3	0	0	2	0	0	0	0	5	0	108	1	0	0	0	0	13	0	0	0	0	0	0	0	1	0	1	2	0	0	0
1907	0	0	0	0	0	6	0	0	0	0	0	4	0	0	0	0	8	0	105	2	0	0	0	0	34	0	0	0	0	3	0	0	0	0	0	0	0	0	0
1908	0	0	0	0	0	7	0	0	1	0	0	3	0	0	0	0	8	0	90	1	0	0	0	0	16	0	0	0	0	0	0	0	0	0	0	0	0	0	0
1909	0	0	0	0	1	0	0	0	2	1	0	1	0	0	0	0	16	0	77	2	0	0	0	0	6	0	0	0	0	4	0	0	0	0	0	0	0	0	0
1910	0	1	0	0	0	0	0	0	0	2	0	0	0	0	0	0	15	0	40	2	0	0	0	0	0	0	0	0	0	6	0	0	0	0	0	1	0	1	0
1911	0	0	0	0	0	0	0	0	1	0	0	0	0	0	0	0	11	0	62	2	0	0	0	0	1	0	0	0	0	1	0	0	1	0	1	1	0	0	0
1912	0	0	0	0	0	0	0	0	0	1	1	0	0	0	0	0	9	0	66	1	0	0	0	0	2	0	0	0	0	7	0	0	0	0	1	0	0	3	0
1913	0	0	0	0	1	0	0	0	0	1	0	2	0	0	0	0	8	1	62	2	0	0	0	0	3	0	0	0	0	1	0	0	1	0	3	2	0	0	0
1914	0	0	0	0	1	0	0	0	1	0	0	1	0	0	0	0	10	5	12	4	0	0	0	0	0	0	0	0	0	11	0	0	0	0	1	9	0	1	0
1915	0	0	0	0	4	0	0	0	0	0	0	0	0	0	0	0	19	0	0	0	0	0	0	0	0	0	0	0	0	16	0	0	0	0	9	1	0	0	0
1916	0	0	0	0	1	0	0	0	0	0	0	0	0	0	0	0	15	0	0	0	0	0	0	0	0	0	0	0	0	10	0	0	0	0	7	1	0	0	0
1917	0	0	0	0	0	0	0	0	0	0	1	0	0	0	0	0	47	0	0	1	0	0	0	0	0	0	0	0	0	5	1	0	0	3	9	1	0	0	0
1997	0	0	0	0	2	0	0	0	0	0	2	0	0	0	0	0	0	0	2	0	0	0	0	0	0	0	0	0	0	3	0	0	7	0	2	0	0	0	0
1998	0	0	0	0	0	0	0	0	3	0	1	0	0	0	0	0	3	0	10	0	0	0	0	0	0	0	0	0	0	5	0	0	6	0	1	0	0	1	0
1999	0	0	0	0	2	0	1	0	1	1	3	0	0	0	0	0	6	0	16	2	0	0	0	0	0	0	0	0	0	2	0	0	6	0	0	9	0	1	0
2000	0	0	0	0	1	0	0	0	1	2	0	4	0	0	0	0	2	0	37	2	0	0	0	0	0	0	0	0	0	0	0	0	5	0	1	2	0	0	1
2001	0	0	0	0	0	0	0	0	0	0	0	3	0	0	0	0	11	0	29	2	0	1	0	1	0	0	0	0	0	1	0	0	4	0	1	5	0	0	2
2002	0	0	0	0	0	0	0	0	2	1	0	2	0	0	0	0	15	0	56	1	0	0	0	0	0	0	0	0	0	3	0	0	3	0	0	1	0	1	0
2003	0	0	0	0	0	0	0	0	4	0	1	2	0	0	0	0	5	0	101	0	0	0	0	0	1	0	0	0	0	1	0	0	0	0	2	0	0	1	0
2004	0	0	0	0	0	0	0	0	3	0	0	2	0	0	0	0	5	0	77	0	0	0	0	0	1	0	0	0	0	0	0	0	2	0	0	0	0	0	0
2005	0	0	0	0	0	0	0	0	2	1	0	1	0	0	0	0	9	0	48	1	0	0	0	0	2	0	0	0	0	6	0	0	1	0	1	0	0	2	0
2006	0	0	0	0	0	0	0	0	2	0	0	2	0	0	0	0	10	0	42	0	0	0	0	0	2	0	0	0	0	0	0	0	2	0	0	1	0	0	0
2007	0	0	0	0	0	0	0	0	0	0	0	3	0	0	0	0	15	1	75	1	0	0	0	0	0	0	0	0	0	2	0	0	1	0	2	1	0	1	0
2008	0	0	0	0	0	0	0	0	1	0	0	5	0	0	0	0	12	0	36	1	0	0	0	0	1	0	0	0	0	3	0	0	0	0	0	1	0	2	0
2009	0	0	0	0	0	0	0	0	0	0	0	1	0	0	0	0	5	0	18	1	0	1	0	0	1	0	0	0	0	0	0	0	0	0	0	0	0	2	0
2010	0	0	0	0	0	26	0	0	0	1	0	1	0	0	1	0	8	0	31	2	0	0	0	0	0	0	0	0	0	3	0	0	1	0	2	0	0	1	0
2011	0	0	0	0	0	28	1	0	2	0	0	1	0	0	0	0	13	0	33	1	0	0	0	0	0	0	0	0	0	2	0	0	0	0	0	0	0	2	0
2012	0	0	0	0	0	0	0	0	3	0	0	2	0	0	0	0	18	0	74	0	0	0	0	0	0	0	0	0	0	1	0	0	0	0	1	0	0	0	0
2013	0	0	0	0	1	0	1	0	1	0	0	0	2	0	0	0	9	0	118	2	0	1	0	0	0	0	0	0	0	4	0	0	0	0	0	1	0	2	0
2014	0	0	0	0	1	0	0	0	0	0	0	1	0	0	0	0	9	0	79	0	0	0	0	0	0	0	0	0	0	9	0	0	1	0	4	0	0	1	0
2015	0	0	0	0	0	0	0	0	1	0	0	0	0	0	0	0	10	0	21	1	0	0	0	0	0	0	0	0	0	9	0	0	0	0	2	9	0	0	0
2016	0	0	0	0	2	0	0	0	1	0	0	1	0	0	0	0	16	0	9	1	0	0	0	0	0	0	0	0	0	11	0	0	0	2	4	1	0	0	0
2017	0	0	0	0	2	0	0	0	0	0	0	0	0	0	0	0	14	0	7	1	0	0	0	0	0	0	0	0	0	5	0	0	3	2	7	8	0	0	0
2097	0	0	0	0	0	0	0	0	1	0	6	2	0	0	0	0	3	0	13	2	0	0	0	0	1	0	0	0	0	3	0	0	8	0	0	10	0	1	1
2098	0	0	0	0	1	0	0	0	2	0	0	0	0	0	0	0	3	0	83	2	0	0	0	0	0	0	0	0	0	7	0	0	4	0	1	1	0	0	0
2099	0	0	0	0	0	0	0	0	0	0	1	2	0	0	0	0	2	0	77	0	0	0	0	0	1	0	0	0	0	5	0	0	2	0	0	3	0	0	0
2100	0	0	1	0	0	0	0	0	0	0	0	2	0	0	0	0	6	0	84	0	0	1	0	0	0	0	0	0	0	1	0	0	4	0	1	1	0	0	0
2101	0	0	0	0	0	0	0	0	2	0	0	2	0	0	0	0	15	0	64	0	0	0	0	0	0	0	0	0	0	1	0	0	5	0	0	0	0	1	0
2102	0	0	0	0	0	47	0	0	0	0	0	2	0	0	0	0	11	0	86	1	0	0	0	0	0	0	0	0	0	1	0	0	2	0	0	1	0	0	0
2103	0	0	0	0	0	5	0	0	1	0	0	0	0	0	0	0	17	0	61	2	0	1	0	0	7	0	0	0	0	1	0	0	0	0	0	0	0	1	0
2104	0	0	0	1	0	0	0	0	2	1	0	0	0	0	0	0	11	0	68	5	0	0	0	0	13	0	0	0	0	0	0	0	0	0	0	0	0	0	0
2105	0	0	0	0	0	0	0	0	2	0	0	0	0	0	0	0	12	0	48	4	0	0	0	0	5	0	0	0	0	3	0	0	1	0	1	4	0	1	0
2106	0	1	0	0	0	2	0	0	1	0	0	0	0	0	0	0	8	0	37	1	0	0	0	1	0	0	1	0	0	0	0	0	0	0	0	0	0	4	0
2107	0	7	0	0	0	0	0	0	0	0	0	1	0	0	0	0	4	0	16	0	0	0	0	0	1	0	0	0	0	1	0	0	0	0	0	1	0	0	0
2108	0	3	0	0	0	0	0	0	2	1	0	4	0	0	0	0	4	0	2	1	0	0	0	0	0	0	0	0	0	1	0	0	0	0	0	0	0	1	0
2109	0	2	0	0	0	0	0	0	0	0	0	0	0	0	0	0	10	0	1	1	0	0	0	0	0	0	0	0	0	3	0	0	0	0	0	0	0	2	0
2110	0	1	0	0	0	2	0	0	0	0	0	0	0	0	0	0	1	0	18	2	0	0	0	0	1	0	0	0	0	0	0	0	0	0	0	1	0	0	0
2111	0	0	0	0	0	3	0	0	0	0	0	0	0	0	0	0	5	0	41	1	0	0	0	0	4	0	0	0	0	3	0	0	0	0	3	0	0	0	0
2112	0	0	0	0	0	0	0	0	1	0	0	1	0	0	1	0	11	0	110	0	0	0	0	0	2	0	0	0	0	2	0	0	1	0	0	0	0	1	0
2113	0	0	0	0	1	0	0	0	1	0	0	0	0	0	0	0	8	0	178	0	0	0	0	0	0	0	0	0	0	8	0	0	2	0	0	0	0	0	0
2114	0	0	0	0	0	5	0	0	0	0	0	0	0	0	0	0	4	0	199	1	0	0	0	0	1	0	0	0	0	4	0	0	0	0	0	11	0	0	0
2115	0	0	0	0	2	0	0	0	1	3	1	1	0	0	0	0	8	0	36	0	0	0	0	0	1	0	0	0	0	4	0	0	0	1	3	36	0	0	0
2116	0	0	1	0	0	0	0	0	0	3	0	0	0	0	0	0	4	0	40	0	0	0	0	0	0	0	0	1	0	7	0	0	0	1	1	19	0	0	0
2117	0	0	0	0	0	0	0	0	0	0	1	4	0	0	0	0	16	0	58	1	0	0	0	0	0	0	0	0	0	4	0	0	1	1	1	14	0	1	0
2197	0	0	0	0	0	0	0	0	3	0	1	3	0	0	0	0	1	0	36	4	0	0	0	0	1	0	0	0	0	4	0	0	8	0	0	0	0	3	0
2198	0	1	0	0	0	1	0	0	3	0	0	1	0	0	0	0	1	0	57	4	0	2	0	0	0	0	0	0	0	3	0	0	5	0	0	3	0	2	0
2199	0	0	0	0	0	0	0	0	0	0	0	0	0	0	0	0	13	0	72	2	0	0	0	0	0	0	0	0	0	1	0	0	6	0	0	1	0	0	0
2200	0	0	0	0	0	0	0	0	0	0	0	0	0	0	0	0	16	1	77	4	0	0	0	0	3	0	0	0	0	0	0	0	2	0	0	5	0	3	0
2201	0	0	0	0	0	0	0	0	0	0	0	1	0	0	0	0	17	5	40	1	0	0	0	0	0	0	0	0	0	2	0	0	4	0	0	3	0	1	0
2202	0	0	0	0	0	23	0	0	0	0	0	0	0	0	0	0	5	0	27	2	0	0	0	0	0	0	0	0	0	2	0	0	0	0	0	0	0	3	0
2203	0	0	0	0	0	2	0	0	0	0	0	0	0	0	0	0	8	1	32	3	0	0	0	0	3	0	0	0	0	2	0	0	0	0	0	0	0	4	1
2204	0	0	0	0	0	0	0	0	0	0	0	1	1	0	0	0	15	0	16	1	0	0	0	0	3	0	0	0	0	2	0	0	0	0	0	0	0	4	0
2205	0	0	0	0	0	0	0	0	1	0	0	1	0	0	0	0	9	0	2	1	0	0	0	0	0	0	0	0	0	4	0	0	0	0	0	0	0	2	0
2206	0	0	0	0	2	0	0	0	3	0	0	1	0	0	0	0	13	0	3	0	0	0	0	0	0	0	0	0	0	2	0	0	4	0	2	1	0	1	0
2207	0	3	0	0	2	0	0	0	0	0	0	1	0	0	0	0	16	0	0	0	0	0	0	0	0	0	0	0	1	5	0	0	2	0	0	0	0	0	0
2208	0	0	0	0	4	0	0	0	0	0	0	0	0	0	0	0	12	0	0	0	0	0	0	0	0	0	0	0	0	4	0	0	4	0	1	1	0	0	0
2209	0	3	0	0	4	0	0	0	0	0	0	1	0	0	0	0	12	0	0	2	0	0	0	0	0	0	0	0	0	3	0	0	2	0	0	1	0	0	0
2210	0	2	0	0	0	1	0	0	0	0	0	0	0	0	0	0	0	0	13	0	0	0	0	0	4	0	0	0	0	0	0	0	2	0	0	3	0	0	0
2211	0	1	0	0	0	20	0	0	0	0	0	0	0	0	0	0	3	0	11	2	0	0	0	0	1	0	0	0	0	0	0	0	0	0	1	1	0	1	0
2212	0	0	0	0	0	4	0	0	0	0	0	0	0	0	0	0	9	0	52	1	0	0	0	0	5	0	0	0	0	3	0	0	0	0	0	1	0	1	0
2213	0	0	0	0	0	19	0	0	0	0	0	0	0	0	0	0	11	0	77	0	0	0	0	0	1	0	0	0	0	4	0	0	0	0	0	0	0	0	0
2214	0	0	1	0	0	0	0	0	0	0	0	0	0	0	0	0	6	0	44	0	0	0	0	1	2	0	0	0	0	2	0	0	0	0	0	3	0	0	0
2215	0	0	0	0	0	0	0	0	0	1	0	1	0	0	0	0	3	0	68	1	0	0	0	0	2	0	0	0	0	10	0	0	0	0	0	2	0	0	0
2216	0	0	0	0	0	0	0	0	0	2	1	0	0	0	0	0	5	0	51	0	0	0	0	0	3	0	0	0	0	2	0	0	2	1	2	14	0	0	0
2217	0	0	0	0	1	0	0	0	0	0	0	0	0	0	0	0	2	0	67	1	0	0	0	0	4	0	0	0	0	0	0	0	6	0	0	35	0	0	0
2296	0	0	0	0	0	0	0	0	0	0	0	0	0	0	0	0	0	0	2	0	0	0	0	0	0	0	0	0	0	0	0	0	0	0	0	0	0	0	0
2297	0	0	0	0	1	0	0	0	2	0	0	1	0	0	0	0	6	0	52	2	0	0	0	0	1	0	0	0	0	4	0	0	2	0	0	0	0	2	0
2298	0	1	0	0	0	113	0	0	0	0	0	1	0	0	0	0	2	0	21	3	0	0	0	0	0	0	0	0	0	1	0	0	0	0	0	1	0	1	0
2299	0	0	0	0	0	3	0	0	0	0	0	1	0	0	0	0	10	0	64	3	0	1	0	0	1	0	0	0	0	2	0	0	1	0	0	0	0	0	0
2300	0	0	0	1	0	0	0	0	0	0	0	5	0	0	0	0	12	3	40	4	0	0	0	0	0	0	0	1	0	1	0	0	0	0	0	0	0	4	0
2301	0	0	0	0	0	0	0	0	0	0	0	1	0	0	0	0	12	3	24	2	0	0	0	0	0	0	0	0	0	5	0	0	0	0	0	0	0	2	0
2302	0	1	0	0	0	0	0	0	1	0	0	0	0	0	0	0	20	1	2	0	0	0	0	0	0	0	0	0	0	3	0	0	3	0	0	0	0	3	0
2303	0	1	0	0	8	0	0	0	0	0	0	1	0	0	0	0	12	1	8	0	0	0	0	0	0	0	0	0	0	5	0	0	2	0	1	0	0	0	0
2304	0	4	0	0	5	0	0	0	0	0	0	0	0	0	0	0	18	0	0	0	0	0	0	0	0	0	0	0	0	3	0	0	7	0	1	2	0	0	0
2305	0	0	0	0	6	0	0	0	0	0	0	0	0	0	0	0	15	0	0	0	0	0	0	0	0	0	0	0	0	6	0	0	5	0	1	3	0	0	0
2306	0	1	0	0	3	0	0	0	0	0	0	1	0	0	0	0	15	0	0	0	0	0	0	0	0	0	0	0	0	7	0	0	10	0	5	0	0	0	0
2307	0	3	0	0	8	0	0	0	0	0	0	0	0	0	0	0	14	0	0	0	0	0	0	0	0	0	0	0	0	5	0	0	5	0	2	2	0	0	0
2308	0	1	0	0	4	0	0	0	0	0	0	0	0	0	0	0	17	0	0	0	0	0	0	0	0	0	0	0	0	2	0	0	9	0	0	0	0	0	0
2309	0	1	0	0	12	0	0	0	0	0	0	0	0	0	0	0	19	0	0	0	0	0	0	0	0	0	0	0	0	5	0	0	6	0	0	1	0	0	0
2310	0	6	1	0	2	0	0	0	0	0	0	1	0	0	0	0	4	0	2	0	0	0	0	0	0	1	0	0	0	6	0	0	3	0	0	0	0	0	0
2311	0	2	1	0	0	0	0	0	0	0	0	1	0	0	0	0	4	0	17	1	0	0	0	0	0	0	0	0	0	0	0	0	3	0	0	0	0	2	0
2312	0	0	0	1	0	29	0	1	1	0	0	1	0	0	0	0	10	0	21	2	0	0	0	2	3	0	0	0	0	1	0	0	0	0	0	9	0	3	0
2313	0	0	0	0	0	38	0	0	1	1	0	0	2	0	1	0	3	0	18	4	0	1	0	0	0	0	0	0	0	2	0	0	0	0	0	0	0	7	0
2314	0	2	0	1	0	0	0	0	0	0	0	0	0	0	1	0	15	0	21	0	0	0	0	0	0	0	0	0	0	3	0	0	0	0	0	0	0	7	0
2315	0	0	0	1	0	0	0	0	0	1	0	0	0	0	0	0	13	0	62	1	0	0	0	1	9	0	0	0	0	5	0	0	0	0	0	0	0	1	0
2316	0	0	0	0	0	0	0	0	0	0	0	1	0	0	1	0	11	0	58	1	0	0	0	0	3	0	0	0	0	3	0	0	1	0	0	2	0	1	0
2317	0	0	0	1	0	0	0	0	3	0	0	0	0	0	0	0	2	0	84	0	0	0	0	5	9	0	0	0	0	0	0	0	3	0	0	11	1	2	0
2396	0	0	0	0	0	0	0	0	0	0	0	0	0	0	0	0	1	0	0	0	0	0	0	0	0	0	0	0	0	0	0	0	0	0	0	0	0	0	0
2397	0	0	0	0	5	0	0	0	0	0	0	0	0	0	0	0	24	0	5	0	0	0	0	0	0	0	0	0	0	1	0	0	8	0	0	0	0	0	0
2398	0	3	0	0	1	0	0	0	1	0	0	0	0	0	0	0	17	0	1	0	0	0	0	0	0	0	0	0	0	3	0	0	8	0	0	1	0	0	0
2399	0	0	0	1	7	0	0	0	0	0	0	0	0	0	0	0	20	0	0	0	0	0	0	0	0	0	0	0	0	2	0	0	6	0	0	0	0	0	0
2400	0	0	0	1	2	0	0	0	0	0	0	2	0	0	0	0	23	1	22	1	0	0	0	0	0	0	0	0	0	3	0	0	4	0	0	1	0	0	0
2401	0	0	0	0	1	0	0	0	0	0	0	0	0	0	0	0	15	1	10	0	0	0	0	0	0	0	0	0	0	1	0	0	5	0	0	0	0	0	0
2402	0	1	0	0	8	0	0	0	0	0	0	1	0	0	0	0	17	0	0	0	0	0	0	0	0	0	0	0	0	2	0	0	9	0	1	0	0	0	0
2403	0	0	0	0	6	0	0	0	0	0	0	0	0	0	0	0	9	0	0	0	0	0	0	0	0	0	0	0	0	5	0	0	4	0	0	0	0	0	0
2404	0	0	0	0	5	0	0	0	0	0	0	0	0	0	0	0	16	0	0	0	0	0	0	0	0	0	0	0	0	2	0	0	7	0	0	2	0	0	0
2405	0	0	0	0	11	0	0	0	0	0	0	0	0	0	0	0	16	0	0	0	0	0	0	0	0	0	0	0	0	2	0	0	10	0	1	9	0	0	0
2406	0	0	0	0	6	0	0	0	0	0	0	0	0	0	0	0	9	0	0	0	0	0	0	0	0	0	0	0	0	3	0	0	12	0	3	2	0	0	0
2407	0	1	0	0	20	0	0	0	0	0	0	0	0	0	0	0	5	0	0	0	0	0	0	0	0	0	0	0	0	5	0	0	5	0	8	4	0	0	0
2408	0	1	0	0	6	0	0	0	0	0	0	0	0	0	0	0	7	0	0	0	0	0	0	0	0	0	0	0	0	5	0	0	9	0	1	1	0	0	0
2409	0	5	0	0	7	0	0	0	0	0	0	0	0	0	0	0	11	0	0	0	0	0	0	0	0	0	0	0	0	7	0	0	8	0	1	2	0	0	0
2410	0	10	0	0	0	0	0	0	0	0	0	0	0	0	0	0	5	0	0	0	0	0	0	0	0	0	0	0	0	3	0	0	5	0	0	1	0	0	0
2411	0	2	0	0	0	0	0	0	0	0	0	0	0	0	0	0	10	0	21	0	0	0	0	0	1	0	0	0	0	1	0	0	3	0	0	3	0	0	0
2412	0	3	0	0	0	0	0	0	1	0	0	0	0	0	0	0	5	0	20	3	0	0	0	1	1	0	0	0	0	8	0	0	0	0	0	11	0	1	0
2413	0	1	0	0	0	31	0	0	0	0	0	0	0	0	0	0	3	0	21	1	0	0	0	0	0	0	0	0	0	3	0	0	1	0	0	0	0	4	0
2414	0	0	0	0	0	0	0	0	1	0	0	0	0	0	0	0	4	0	13	1	0	0	0	0	0	0	0	0	0	2	0	0	0	0	0	0	0	6	0
2415	0	0	0	0	0	2	0	0	1	0	0	0	0	0	1	0	3	0	31	2	0	1	0	1	4	0	0	0	0	5	0	0	0	0	0	0	0	4	1
2416	0	1	1	0	0	0	0	0	0	0	0	1	0	0	4	0	4	0	50	0	0	0	0	2	1	0	0	1	0	4	0	0	0	0	2	3	0	2	0
2417	0	0	0	0	0	0	0	0	0	0	0	0	0	0	2	0	5	0	99	2	0	0	0	20	1	0	0	0	0	4	0	0	0	0	0	3	0	2	0
2497	0	0	1	0	3	0	0	0	0	0	0	0	0	0	0	0	20	0	0	0	0	0	0	0	0	0	0	0	0	4	0	0	11	0	0	2	0	0	0
2498	0	0	0	0	0	0	0	0	0	0	0	0	0	0	0	0	14	0	0	0	0	0	0	0	0	0	0	0	0	4	0	0	10	0	0	4	0	0	0
2499	0	0	0	0	10	0	0	0	0	0	0	2	0	0	0	0	11	0	0	0	0	0	0	0	0	0	0	0	0	6	0	0	9	0	2	2	0	0	0
2500	0	0	0	0	4	0	0	0	0	0	0	0	0	0	0	0	8	0	0	0	0	0	0	0	0	0	0	0	0	3	0	0	12	0	4	0	0	0	0
2501	0	0	0	0	6	0	0	0	0	0	0	0	0	0	0	0	2	0	0	0	0	0	0	0	0	0	0	0	0	7	0	0	10	0	2	1	0	0	0
2502	0	0	0	0	1	0	0	0	0	0	0	0	0	0	0	0	1	0	0	0	0	0	0	0	0	0	0	0	0	5	0	0	12	0	1	0	0	0	0
2503	0	0	0	0	0	0	0	0	0	0	0	0	0	0	0	0	0	0	0	0	0	0	0	0	0	0	0	0	0	3	3	0	10	0	0	0	0	0	0
2504	0	0	0	0	0	0	0	0	0	0	0	0	0	0	0	0	3	0	0	0	0	0	0	0	0	0	0	0	0	5	0	0	10	0	2	0	0	0	0
2505	0	0	0	0	5	0	0	0	0	0	0	0	0	0	0	0	4	0	0	0	0	0	0	0	0	0	0	0	0	3	1	0	10	0	5	9	0	0	0
2506	0	0	0	0	3	0	0	0	0	0	0	0	0	0	0	0	5	0	0	0	0	0	0	0	0	0	0	0	0	4	0	0	7	0	3	1	0	0	0
2507	0	0	0	0	11	0	0	0	0	0	0	0	0	0	0	0	6	0	0	0	0	0	0	0	0	0	0	0	0	5	1	0	8	0	1	0	0	0	0
2508	0	0	0	0	12	0	0	0	0	0	0	0	0	0	0	0	12	0	0	0	0	0	0	0	0	0	0	0	0	4	0	0	12	0	2	1	0	0	0
2509	0	2	0	0	17	0	0	0	0	0	0	1	0	0	0	0	14	0	0	0	0	0	0	0	0	0	0	0	0	6	0	0	7	0	1	6	0	0	0
2510	0	6	0	0	5	0	0	0	0	0	0	0	0	0	0	0	15	0	0	0	0	0	0	0	0	0	0	0	0	5	0	0	5	0	0	1	0	0	0
2511	0	4	0	0	0	0	0	0	0	0	0	1	0	0	0	0	5	0	8	0	0	0	0	0	0	0	0	0	0	4	0	0	0	0	1	2	0	0	0
2512	0	3	0	0	0	0	0	0	0	0	0	2	0	0	0	0	11	0	20	0	0	0	0	0	0	0	0	0	0	6	0	0	0	0	1	1	0	0	0
2513	0	4	0	0	0	0	0	0	0	0	0	0	0	0	0	0	6	0	4	0	0	0	0	0	0	0	0	0	0	7	0	0	0	0	0	0	0	0	0
2514	0	0	0	0	0	30	0	0	0	2	0	0	1	0	2	0	6	1	14	2	0	0	0	7	13	0	0	0	0	2	0	0	0	0	0	0	0	1	0
2515	0	0	0	0	0	4	0	0	3	0	0	0	0	0	4	0	4	0	14	0	0	0	0	11	9	0	0	0	0	0	0	0	0	0	0	1	0	2	0
2516	0	1	0	0	0	143	0	0	0	0	0	1	1	0	6	0	2	1	19	0	0	0	0	3	5	0	0	0	0	1	0	0	1	0	1	1	0	2	0
2517	0	0	0	0	0	1	0	0	3	0	0	0	0	0	1	0	6	0	57	0	0	0	0	8	3	0	0	0	0	2	0	0	0	0	2	2	0	0	0
2597	0	0	0	0	2	0	0	0	0	0	0	2	0	0	0	0	3	0	6	4	0	0	0	0	0	0	0	1	0	9	0	0	12	0	0	0	0	0	0
2598	0	0	0	0	1	0	0	0	0	0	0	0	0	0	0	0	0	0	0	0	0	1	0	0	0	0	0	0	0	3	0	0	9	0	0	1	0	0	0
2599	0	1	0	0	4	0	0	0	0	0	0	0	0	0	0	0	1	0	0	0	0	0	0	0	0	0	0	0	0	7	0	0	7	0	4	3	0	0	0
2600	0	0	0	0	5	0	0	0	0	0	0	0	0	0	0	0	0	0	0	0	0	0	0	0	0	0	0	0	0	4	1	0	10	0	4	6	0	0	0
2601	0	0	0	0	2	0	0	0	0	0	0	0	0	0	0	0	1	0	0	0	0	0	0	0	0	0	0	0	0	9	0	0	9	0	0	0	0	0	0
2602	0	0	0	0	2	0	0	0	0	0	0	0	0	0	0	0	3	0	0	0	0	0	0	0	0	0	0	0	0	3	4	0	4	0	5	0	0	0	0
2603	0	0	0	0	2	0	0	0	0	0	1	0	0	0	0	0	1	0	0	0	0	0	0	0	0	0	0	0	0	6	0	0	4	0	4	0	0	0	0
2604	0	0	0	0	2	0	0	0	1	0	0	0	0	0	0	0	2	0	0	0	0	0	0	0	0	0	0	0	0	4	0	0	11	0	4	0	0	0	0
2605	0	0	0	0	0	0	0	0	0	0	0	0	0	0	0	0	0	0	0	0	0	0	0	0	0	0	0	0	0	1	0	0	9	0	4	0	0	0	0
2606	0	0	0	0	2	0	0	0	0	0	0	0	0	0	0	0	0	0	0	0	0	0	0	0	0	0	0	0	0	2	0	0	7	0	4	0	0	0	0
2607	0	0	0	0	10	0	0	0	0	0	0	0	0	0	0	0	2	0	0	0	0	0	0	0	0	0	0	0	0	3	0	0	12	0	5	0	0	0	0
2608	0	0	0	0	16	0	0	0	0	0	0	1	0	0	0	0	17	0	0	0	0	0	0	0	0	0	0	0	0	5	0	0	11	0	1	0	0	0	0
2609	0	0	0	0	17	0	0	0	0	0	0	1	0	0	0	0	16	0	1	0	0	0	0	0	0	0	0	0	0	6	0	0	6	0	0	0	0	0	0
2610	0	0	0	0	5	0	0	0	0	0	0	0	0	0	0	0	16	0	8	0	0	0	0	0	0	0	0	0	0	6	0	0	3	0	0	0	0	0	0
2611	0	1	0	0	0	0	0	0	0	1	0	2	0	0	0	0	6	0	15	0	0	0	0	0	0	0	0	0	0	8	0	0	2	0	0	0	0	0	0
2612	0	3	0	0	0	0	0	0	0	2	0	2	0	0	0	0	11	0	14	0	0	0	0	0	0	0	0	0	0	2	0	0	1	0	0	0	0	0	0
2613	0	0	0	0	0	0	0	0	0	0	0	3	0	0	1	0	9	0	17	0	0	0	0	3	6	0	0	0	0	1	0	0	2	0	0	0	0	0	0
2614	0	0	0	0	0	193	0	0	0	1	0	1	0	0	4	0	5	0	3	1	0	0	0	12	3	0	0	0	0	3	0	0	1	0	0	1	0	0	0
2615	0	0	0	0	0	79	0	0	0	0	0	0	0	0	6	0	8	0	15	0	0	0	0	54	12	0	0	0	0	4	0	0	0	0	0	2	0	0	0
2616	0	0	0	0	0	25	0	0	0	0	0	0	0	0	3	0	7	0	8	0	0	0	0	28	2	0	0	0	0	3	0	0	0	0	0	0	0	3	0
2617	0	0	0	0	0	0	0	0	1	0	0	0	0	0	3	0	12	0	27	0	0	0	0	13	4	0	0	0	0	2	0	0	1	0	0	1	0	0	0
2697	0	0	0	0	1	0	0	0	1	0	2	2	0	0	0	0	1	0	18	10	0	4	0	0	0	0	0	0	0	5	0	0	1	0	5	8	0	0	0
2698	0	0	0	0	0	0	0	0	2	0	2	0	0	0	0	0	4	0	18	3	0	1	0	0	0	0	0	1	0	9	0	0	5	0	2	1	0	0	0
2699	0	0	0	0	1	0	0	0	0	0	1	0	0	0	0	0	3	0	5	0	0	0	0	0	0	0	0	0	1	4	0	0	12	1	2	0	0	0	0
2700	0	0	0	0	3	0	0	0	0	0	1	0	0	0	0	0	1	0	0	1	0	0	0	0	0	0	0	0	0	6	0	0	4	0	4	1	0	0	0
2701	0	0	0	0	0	0	0	0	0	0	0	2	0	0	0	0	7	0	1	0	0	0	0	0	0	0	0	0	0	7	0	0	5	1	3	1	0	0	0
2702	0	0	0	0	1	0	0	0	0	1	2	0	0	0	0	0	1	0	0	1	0	0	0	0	0	0	0	0	0	3	1	0	7	0	2	1	0	1	0
2703	0	0	0	0	0	0	0	0	0	0	0	0	0	0	0	0	3	0	6	1	0	2	0	0	0	0	0	0	0	6	1	0	4	0	5	2	0	0	0
2704	0	0	0	0	1	0	0	0	1	0	1	0	0	0	0	0	5	0	7	0	0	0	0	0	0	0	0	0	0	4	0	0	6	0	2	8	0	0	4
2705	0	0	0	0	2	0	0	0	1	1	3	1	0	0	0	0	2	0	6	0	0	1	0	0	0	0	0	0	1	5	0	0	9	0	4	9	0	0	9
2706	0	0	0	0	2	0	0	0	0	0	0	1	0	0	0	0	1	0	0	0	0	0	0	0	0	0	0	0	0	2	0	0	9	0	2	23	0	0	0
2707	0	0	0	0	5	0	0	0	0	0	0	0	0	0	0	0	3	0	5	0	0	0	0	0	0	0	0	0	0	6	0	0	7	0	3	13	0	0	6
2708	0	0	0	0	3	0	0	0	0	0	0	1	0	0	0	0	8	0	8	0	0	0	0	0	0	0	0	0	0	5	0	0	9	0	1	3	0	1	0
2709	0	0	1	0	3	0	0	0	1	0	0	2	0	0	0	0	9	0	20	0	0	0	0	0	0	0	0	0	0	7	0	0	6	0	0	5	0	0	0
2710	0	0	1	0	0	0	0	0	0	0	0	0	0	0	0	0	4	0	17	0	0	0	0	0	0	0	0	0	0	6	0	0	3	0	0	0	0	0	0
2711	0	1	0	0	0	0	0	0	0	0	0	1	0	0	0	0	13	0	20	0	0	0	0	0	0	0	0	0	0	6	0	0	0	0	0	0	0	0	0
2712	0	0	0	0	0	1	0	0	0	0	0	4	0	0	0	0	13	0	29	1	0	0	0	2	0	0	0	0	0	3	0	0	0	0	0	0	0	0	0
2713	0	0	0	1	0	101	0	0	2	0	0	0	0	0	0	0	8	0	20	0	0	0	0	8	7	0	0	0	0	2	0	0	0	0	0	0	0	0	0
2714	0	0	0	0	0	2	0	0	1	0	0	1	0	0	0	0	6	0	29	0	0	0	0	77	11	0	0	0	0	2	0	0	0	0	0	2	0	1	0
2715	0	0	0	0	0	97	0	0	1	1	0	0	0	1	2	0	5	0	8	0	0	0	0	68	1	0	0	0	0	1	0	0	1	0	0	4	0	1	0
2716	0	0	0	0	0	8	0	0	1	0	0	0	0	0	5	0	13	0	7	0	0	1	0	109	0	0	0	0	0	2	0	0	0	0	1	1	0	2	0
2717	0	0	0	0	0	0	0	1	0	0	0	0	0	0	0	0	26	0	30	0	0	0	0	43	0	0	0	0	0	3	0	0	0	0	0	0	0	0	0
2797	0	0	0	0	4	0	0	0	3	0	1	1	0	0	0	0	11	0	13	3	0	0	0	0	0	0	0	0	0	8	0	0	0	0	5	7	0	0	0
2798	0	0	0	0	0	0	0	0	0	0	3	1	0	0	0	0	5	0	13	2	0	1	0	0	0	0	0	0	0	10	0	0	4	1	1	24	0	0	0
2799	0	0	0	0	0	0	0	0	0	0	0	1	0	0	0	0	3	0	24	4	0	1	0	0	0	0	0	0	0	12	0	0	2	0	2	8	0	2	0
2800	0	0	0	0	0	0	0	0	0	0	2	1	0	0	0	0	8	0	10	1	0	0	0	0	0	0	0	0	0	3	0	0	5	1	5	14	0	0	0
2801	0	0	0	0	0	0	0	0	3	0	1	1	0	0	0	0	5	0	17	0	0	0	0	0	0	0	0	0	0	5	0	0	3	0	0	14	0	4	0
2802	0	0	0	0	0	0	0	0	2	0	3	1	0	0	0	0	3	0	10	0	0	1	0	0	0	0	0	0	0	8	0	0	4	0	4	5	0	0	1
2803	0	0	0	0	0	0	1	0	1	1	0	2	0	0	0	0	0	0	25	1	0	1	0	0	0	0	0	0	0	5	0	0	4	0	2	5	0	0	0
2804	0	0	0	0	1	1	0	0	1	0	0	0	0	0	0	0	0	0	14	3	0	0	0	1	0	0	0	0	0	4	0	0	6	0	6	8	0	0	0
2805	0	0	0	0	1	0	0	0	0	0	0	1	0	0	0	0	8	0	11	0	0	0	0	0	0	0	0	0	0	10	0	0	1	0	4	32	0	0	0
2806	0	0	0	0	3	0	0	0	0	0	0	0	0	0	0	0	7	0	5	0	0	0	0	0	0	0	0	0	0	1	0	0	5	0	1	25	0	0	0
2807	0	0	0	0	0	0	0	0	1	0	0	2	0	0	0	0	10	0	14	0	0	0	0	0	0	0	0	0	0	1	0	0	6	0	5	7	0	0	0
2808	0	0	0	0	0	0	0	0	1	0	0	1	0	0	0	0	6	0	29	2	0	0	0	0	0	0	0	0	0	1	0	0	2	0	4	11	1	0	0
2809	0	0	0	0	0	0	0	0	0	0	0	2	0	0	0	0	18	0	36	0	0	0	0	0	0	0	0	0	0	7	0	0	0	0	0	0	0	0	0
2810	0	0	0	0	0	0	0	0	1	0	0	3	0	0	0	0	15	0	39	0	0	0	0	11	1	0	0	0	0	2	0	0	2	0	0	0	0	2	0
2811	0	0	0	0	0	0	0	0	0	0	0	1	0	0	1	0	8	0	17	0	0	0	0	26	0	0	0	0	0	4	0	0	2	0	0	0	0	2	0
2812	0	0	0	0	0	0	0	0	0	2	0	1	0	0	0	0	8	0	35	1	0	0	0	10	3	0	0	0	0	5	0	0	1	0	0	0	0	0	0
2813	0	0	0	0	0	3	0	0	0	0	0	1	0	0	2	0	7	0	23	0	0	0	0	42	1	0	0	0	0	6	0	0	0	0	0	0	0	1	0
2814	0	0	0	0	0	7	0	0	1	0	0	1	0	0	1	0	8	0	10	0	0	0	0	156	2	0	0	0	0	3	0	0	0	0	0	3	0	0	0
2815	0	0	0	0	0	0	0	0	1	0	0	0	0	0	5	0	4	0	6	0	0	0	0	110	0	0	0	0	0	7	0	0	0	0	0	0	0	0	0
2816	0	0	0	0	0	0	0	0	1	0	0	0	0	0	5	0	7	0	4	1	0	0	0	44	0	0	0	0	0	1	0	0	0	0	0	0	0	1	0
2817	0	0	1	0	0	0	0	0	1	0	0	0	0	0	1	0	11	0	32	0	0	0	0	39	0	0	0	0	0	5	0	0	0	0	0	1	0	0	0
2897	0	1	0	0	4	0	0	0	0	0	1	1	0	0	0	0	7	0	12	0	0	0	0	0	0	0	0	0	0	6	0	0	0	0	2	9	0	0	0
2898	0	2	0	0	3	0	0	0	1	0	1	0	0	0	0	0	10	0	4	1	0	0	0	0	0	0	0	0	0	5	0	0	4	1	1	9	0	0	0
2899	0	1	0	0	1	0	0	0	0	0	1	1	0	0	0	0	11	0	39	1	0	0	0	0	0	0	0	0	0	6	0	0	2	0	2	20	0	0	0
2900	0	0	0	0	0	0	0	0	0	0	0	0	0	0	0	0	15	0	3	0	0	0	0	0	0	0	0	0	0	3	0	0	3	0	3	18	0	0	0
2901	0	0	0	0	0	0	0	0	0	0	0	0	0	0	0	0	12	0	1	0	0	0	0	0	0	0	0	0	0	13	0	0	3	0	7	11	0	0	0
2902	0	0	0	0	0	0	0	0	1	0	0	1	0	0	0	0	7	0	19	2	0	0	0	0	0	0	0	0	0	7	0	0	4	0	2	14	0	0	0
2903	0	0	0	0	1	0	0	0	1	0	0	0	0	0	0	0	7	0	12	1	0	0	0	0	0	0	0	0	0	3	0	0	5	0	2	15	0	0	0
2904	0	0	0	0	0	0	0	0	2	0	0	0	0	0	0	0	7	0	18	1	0	0	0	0	0	0	0	0	0	5	0	0	1	0	3	6	0	0	0
2905	0	0	0	0	0	0	0	0	1	0	0	1	0	0	0	0	10	0	15	0	0	0	0	0	0	0	0	0	0	1	0	0	2	0	3	17	0	0	0
2906	0	0	0	0	0	0	0	0	0	0	0	0	0	0	1	0	5	0	13	0	0	0	0	0	0	0	0	0	0	3	0	0	5	0	3	23	0	0	0
2907	0	0	0	0	0	0	0	0	0	0	0	2	0	0	0	0	11	0	46	0	0	0	0	0	2	0	0	1	0	4	0	0	2	0	0	8	0	0	0
2908	0	0	0	0	0	0	0	0	2	0	0	3	0	0	0	0	14	0	46	1	0	0	0	4	0	0	0	0	0	0	0	0	1	0	3	0	0	0	0
2909	0	0	0	0	0	0	0	0	1	0	0	3	0	0	0	0	17	0	46	2	0	0	0	12	1	0	0	0	0	0	0	0	0	0	0	2	0	2	0
2910	0	0	0	0	0	0	0	0	0	0	0	1	0	0	0	0	16	0	45	2	0	0	0	60	1	0	0	0	0	2	0	0	0	0	0	5	0	1	0
2911	0	0	0	0	0	103	0	0	1	0	0	1	0	0	3	0	3	0	20	1	0	1	0	81	0	0	0	0	0	2	0	0	1	0	0	0	0	1	0
2912	0	0	0	1	0	48	0	0	0	0	0	0	0	0	2	0	16	0	24	0	0	0	0	42	2	0	0	0	0	5	0	0	1	0	0	0	0	0	0
2913	0	0	0	0	0	0	0	0	0	0	0	0	0	0	2	0	7	0	17	0	0	0	0	63	20	0	0	0	0	1	0	0	0	0	0	0	0	0	0
2914	0	0	0	0	0	0	0	0	0	0	0	2	0	0	1	0	10	0	12	1	0	0	0	51	2	0	0	0	0	1	0	0	0	0	0	3	0	1	0
2915	0	0	0	0	0	0	0	1	2	0	0	2	0	0	1	0	7	0	8	0	0	0	0	64	0	0	0	0	0	3	0	0	0	0	0	0	0	0	0
2916	0	0	0	0	0	0	0	0	0	2	0	0	0	0	0	0	6	0	7	3	0	1	0	17	0	0	0	0	0	4	0	0	0	0	0	0	0	7	0
2917	0	0	0	0	0	5	0	0	0	0	0	0	0	0	0	0	6	0	13	0	0	0	0	60	1	0	0	0	0	4	0	0	0	0	0	0	0	6	0
2997	0	6	0	0	5	0	0	0	0	0	0	0	0	0	0	0	11	0	79	0	0	0	0	0	0	0	0	0	0	4	0	0	4	0	0	1	0	0	0
2998	0	8	0	0	0	0	0	0	0	0	1	2	0	0	0	0	8	0	6	0	0	0	0	0	0	0	0	0	0	7	0	0	1	0	4	2	0	0	0
2999	0	5	0	0	0	0	0	0	1	0	0	0	0	0	0	0	3	0	7	0	0	0	0	1	0	0	0	0	0	4	0	0	2	0	1	3	0	0	0
3000	0	7	0	0	0	0	0	0	0	0	0	1	0	0	0	0	8	0	6	0	0	0	0	0	0	0	0	0	0	11	0	0	0	0	0	0	0	0	0
3001	0	3	0	0	2	0	0	0	0	0	0	2	0	0	0	0	17	0	4	0	0	0	0	0	0	0	0	0	0	8	0	0	1	0	5	6	0	0	0
3002	0	0	0	0	1	0	0	0	2	0	0	1	0	0	0	0	13	0	5	0	0	0	0	0	0	0	0	0	0	9	0	0	1	0	3	7	0	0	0
3003	0	1	0	0	1	0	0	0	4	1	0	1	0	0	0	0	13	0	30	0	0	0	0	0	0	0	0	0	0	6	0	0	0	0	3	2	0	0	0
3004	0	0	0	0	0	0	0	0	1	0	0	0	1	0	0	0	2	0	24	0	0	1	0	33	0	0	0	0	0	6	0	0	1	0	2	2	1	1	0
3005	0	0	0	0	0	0	0	0	1	0	0	0	0	0	1	0	4	0	25	0	0	1	0	42	0	0	0	0	0	4	0	0	4	0	2	0	0	2	0
3006	0	1	0	0	0	0	0	0	1	1	0	1	0	0	0	0	9	0	41	1	0	0	0	1	0	0	0	0	0	1	0	0	2	0	1	3	2	2	0
3007	0	0	0	0	0	0	0	0	2	1	0	2	0	0	0	0	7	0	101	1	0	0	0	4	2	0	0	0	0	2	0	0	0	0	0	0	0	0	0
3008	0	0	1	0	0	0	0	0	0	0	0	5	0	0	0	0	20	0	57	0	0	0	0	17	2	0	0	0	0	1	0	0	1	0	1	0	0	0	0
3009	0	0	0	0	0	0	0	0	0	0	0	1	0	0	2	0	19	0	42	1	0	0	0	51	2	0	0	0	0	0	0	0	1	0	1	9	0	1	0
3010	0	0	0	2	0	0	0	0	0	1	0	2	0	0	0	0	11	0	40	3	0	0	0	109	3	0	0	0	0	1	0	0	1	0	1	3	0	1	0
3011	0	0	0	4	0	18	0	0	0	0	0	3	1	0	0	0	6	0	18	0	0	0	0	149	1	0	0	0	0	0	0	0	1	0	0	0	0	0	0
3012	0	0	0	12	0	5	0	0	1	0	0	1	0	0	1	0	6	3	23	0	0	0	0	51	1	0	0	0	0	2	0	0	0	0	2	0	0	2	0
3013	0	0	0	0	1	0	0	0	1	0	0	2	1	0	0	0	5	0	12	0	0	0	0	55	1	0	0	0	0	0	0	0	1	0	2	0	0	3	0
3014	0	0	0	0	0	0	0	0	1	0	0	0	1	0	4	0	1	2	3	6	0	0	0	25	0	0	0	0	0	1	0	0	0	0	0	0	0	10	0
3015	0	0	0	0	0	0	0	0	0	0	0	0	0	0	1	0	7	0	14	1	0	0	0	6	0	0	0	0	0	2	0	0	0	0	0	2	0	4	0
3016	0	0	0	0	1	0	0	0	1	1	0	0	1	0	0	0	10	0	19	2	0	0	0	3	0	0	0	0	0	5	0	0	0	0	0	0	0	10	0
3017	0	0	0	0	1	6	0	0	0	0	0	0	0	0	1	0	7	0	33	0	0	0	0	5	1	0	0	0	0	5	0	0	0	0	0	0	1	5	0
3097	0	0	0	0	0	0	0	0	0	0	0	0	0	0	3	0	4	0	67	3	0	0	0	26	1	0	0	0	0	7	0	0	1	0	0	1	0	0	0
3098	0	4	0	0	0	0	0	0	1	0	0	2	0	0	0	0	4	0	34	0	0	0	0	0	1	0	0	0	0	5	0	0	1	0	0	10	0	0	0
3099	0	3	0	0	0	0	0	1	0	0	0	0	0	0	0	0	5	0	67	1	0	1	0	4	0	0	0	0	0	4	0	0	1	0	0	2	0	2	0
3100	0	2	0	0	0	0	0	0	0	0	0	0	1	0	0	0	5	0	81	0	0	0	0	26	0	0	0	0	0	0	0	0	2	0	0	0	0	4	0
3101	0	3	0	0	1	0	0	0	0	0	0	0	0	0	0	0	5	0	8	0	0	1	0	8	0	0	0	0	0	6	0	0	2	0	2	2	0	2	0
3102	0	1	0	0	0	3	0	0	0	0	0	1	0	0	0	0	4	0	17	2	0	0	0	0	0	0	0	0	0	9	0	0	2	0	2	3	0	3	0
3103	0	1	0	0	0	0	0	0	0	0	0	2	0	0	0	0	2	0	34	0	0	1	0	11	0	0	0	0	0	6	0	0	1	0	4	1	0	2	0
3104	0	0	0	0	0	0	0	0	0	0	0	1	0	0	0	0	1	0	38	2	0	1	0	64	0	0	0	0	0	8	0	0	0	0	3	0	0	2	0
3105	0	0	1	0	0	0	0	0	0	0	0	0	0	0	0	0	8	0	56	0	0	0	0	39	0	0	0	0	0	8	0	0	0	0	1	0	0	2	0
3106	0	0	0	0	0	0	0	0	0	0	0	3	0	0	0	0	12	0	59	1	0	0	0	7	1	0	0	0	0	3	0	0	0	0	1	0	0	1	0
3107	0	0	0	0	0	5	0	0	0	1	0	3	0	0	0	0	6	0	59	3	0	1	0	30	1	0	0	0	0	2	0	0	0	0	1	1	0	2	0
3108	0	0	0	0	0	7	0	0	0	0	0	0	0	0	0	0	28	0	31	1	0	0	0	87	0	0	0	0	0	2	0	0	1	0	1	0	0	0	0
3109	0	0	0	0	0	0	0	0	0	0	0	3	0	0	0	0	15	0	45	1	0	0	0	168	1	0	0	0	0	2	0	0	0	0	0	6	0	2	0
3110	0	0	1	0	0	19	0	0	0	0	0	3	0	0	0	0	7	0	32	2	0	0	0	175	5	0	0	0	0	2	0	0	0	0	0	0	0	1	0
3111	0	0	0	2	0	61	0	0	0	0	0	1	0	0	1	0	6	1	2	1	0	0	0	105	1	0	0	0	0	0	0	0	0	0	0	4	0	1	0
3112	0	0	0	9	0	0	0	0	2	0	0	0	0	0	2	0	2	1	16	1	0	0	0	76	2	0	0	0	0	4	0	0	0	0	0	0	0	8	0
3113	0	0	0	1	0	0	0	0	0	0	0	0	0	0	1	0	9	0	19	1	0	0	0	19	0	0	0	0	0	5	0	0	0	0	0	3	1	0	0
3114	0	0	1	0	1	0	0	0	0	0	0	0	0	0	1	0	4	0	20	1	0	0	0	1	0	0	0	0	0	3	0	0	1	0	1	6	0	6	0
3115	0	0	0	0	1	0	0	0	0	0	0	0	1	0	0	0	4	0	29	3	0	0	0	0	0	0	0	0	0	7	0	0	1	0	0	1	0	0	0
3116	0	0	0	0	2	0	0	0	0	1	0	0	0	0	1	0	17	0	29	1	0	0	0	0	0	0	0	0	0	9	0	0	0	0	0	0	0	2	0
3117	0	1	0	0	4	1	0	0	0	0	0	0	0	0	0	0	23	0	37	0	0	0	0	1	1	0	0	0	0	8	0	0	0	0	0	0	0	0	0
3197	0	0	0	1	0	2	0	0	0	0	0	2	0	0	2	0	2	0	15	0	0	0	0	63	3	0	0	0	0	1	0	0	0	0	0	4	0	2	0
3198	0	2	0	1	0	0	0	1	3	0	0	3	1	0	0	0	6	0	14	3	0	0	0	8	1	0	0	0	0	3	0	0	0	0	2	2	0	1	0
3199	0	0	0	0	0	0	0	1	1	1	0	3	1	0	0	0	5	0	29	1	0	0	0	15	0	0	0	0	0	5	0	0	1	0	2	2	0	1	0
3200	0	1	0	0	0	0	0	0	0	1	0	1	0	0	1	0	9	0	15	2	0	1	0	12	0	0	0	0	0	4	0	0	4	0	1	3	0	4	0
3201	0	3	0	0	0	0	0	0	0	0	0	2	0	0	0	0	10	0	8	0	0	0	0	1	0	0	0	0	0	5	0	0	3	0	2	3	0	5	0
3202	0	0	0	0	1	0	0	0	0	1	0	3	0	0	0	0	4	0	16	1	0	1	0	7	0	0	0	0	0	3	0	0	2	0	4	3	0	1	0
3203	0	0	0	0	1	0	0	0	0	1	0	1	0	0	0	0	4	0	10	0	0	0	0	3	0	0	0	0	0	5	0	0	1	0	6	0	0	1	0
3204	0	0	1	0	0	0	0	0	0	1	0	0	0	0	0	0	6	0	13	0	0	0	0	14	0	0	0	0	0	9	0	0	3	0	0	0	0	1	0
3205	0	0	1	0	0	0	0	0	1	0	0	0	0	0	0	0	19	0	28	0	0	1	0	37	0	0	0	0	0	4	0	0	0	0	4	0	0	0	0
3206	0	0	0	0	0	4	0	0	0	1	0	2	0	0	0	0	13	0	24	1	0	0	0	60	0	0	0	0	0	2	0	0	0	0	1	2	0	1	0
3207	0	0	0	0	0	0	0	0	1	0	0	1	0	0	0	0	10	0	32	1	0	0	0	65	0	0	0	0	0	1	0	0	0	0	0	0	0	0	0
3208	0	0	0	0	0	0	0	0	0	1	0	1	0	0	0	0	10	0	33	0	0	0	0	218	0	0	0	0	0	3	0	0	0	0	0	0	0	0	0
3209	0	0	0	1	0	0	0	1	0	2	0	0	2	0	1	0	2	0	2	5	0	1	0	166	0	0	0	0	0	3	0	0	0	0	0	2	0	3	0
3210	0	0	0	1	0	2	0	0	0	0	0	1	1	0	1	0	6	0	0	1	0	0	0	166	0	0	0	0	0	1	0	0	0	0	1	0	0	9	0
3211	0	0	0	4	0	0	0	0	0	2	0	0	1	0	0	3	3	0	1	1	0	1	0	145	0	0	0	0	0	0	0	0	0	0	0	2	0	13	0
3212	0	0	1	18	0	0	1	0	1	1	0	3	1	0	0	0	6	0	8	1	0	0	0	116	0	0	0	0	0	0	0	0	0	0	0	5	0	5	0
3213	0	0	0	1	0	0	0	0	0	0	0	2	0	0	0	0	6	0	28	0	0	0	0	0	1	0	0	0	0	7	0	0	0	0	1	0	0	9	0
3214	0	1	1	0	1	0	0	0	0	0	0	0	0	0	0	0	9	0	17	1	0	0	0	0	0	0	0	0	0	12	0	0	0	0	1	0	0	1	0
3215	0	0	0	0	2	0	0	0	0	0	0	1	0	0	0	0	19	0	7	0	0	0	0	0	0	0	0	0	0	10	0	0	1	0	0	0	0	0	0
3216	0	1	0	0	12	0	0	0	0	0	0	0	0	0	0	0	29	0	1	0	0	0	0	0	0	0	0	0	0	11	0	0	0	0	0	0	0	0	0
3217	0	7	0	0	23	0	0	0	0	0	0	0	0	0	0	0	15	0	0	0	0	0	0	0	0	1	0	0	0	9	0	0	0	0	1	0	0	0	0
3297	0	0	4	0	0	17	0	2	0	1	0	5	0	0	0	0	3	0	4	4	0	0	0	60	1	0	0	0	0	2	0	0	0	0	0	1	0	3	0
3298	1	0	0	0	1	0	0	0	1	0	0	3	0	0	0	0	3	3	13	2	0	0	0	88	0	0	0	0	0	1	0	1	0	0	0	1	1	2	0
3299	0	0	0	0	0	0	0	2	0	1	0	1	1	0	0	0	2	0	13	3	0	0	0	25	0	0	0	0	0	4	0	0	0	0	2	1	0	5	0
3300	0	0	0	0	0	0	0	0	0	0	0	3	0	0	1	0	5	0	6	0	0	0	0	7	0	0	0	0	0	4	0	0	0	0	1	4	0	4	0
3301	0	0	0	0	0	0	0	0	0	2	0	0	0	0	0	0	5	0	9	0	0	0	0	7	0	0	0	0	0	4	0	0	0	0	4	2	0	3	0
3302	0	0	0	0	1	0	0	0	0	0	0	0	0	0	0	0	3	0	4	2	0	0	0	1	0	0	0	0	0	2	0	0	1	0	2	10	0	5	0
3303	0	0	0	0	0	0	0	0	3	1	0	0	0	0	0	0	7	0	6	1	0	0	0	24	0	0	0	0	0	4	0	0	0	0	1	2	0	4	0
3304	0	0	0	0	0	0	0	0	0	1	0	0	1	0	0	0	13	0	21	0	0	0	0	52	0	0	0	0	0	1	0	0	1	0	2	9	0	5	0
3305	0	0	3	0	0	2	0	0	1	1	0	0	1	0	0	0	5	0	13	0	0	0	0	64	3	0	0	0	1	2	0	0	0	0	1	0	0	2	0
3306	0	0	2	0	0	0	0	0	0	0	0	4	0	0	0	0	5	0	1	1	0	1	0	95	0	0	0	0	0	1	0	0	0	0	0	0	0	8	0
3307	0	0	4	0	0	0	0	0	0	0	0	0	0	0	0	0	7	0	11	0	0	0	0	71	0	0	0	0	0	4	0	0	0	0	0	0	0	1	0
3308	0	0	0	0	0	0	0	0	0	0	0	1	1	0	0	0	2	2	2	2	0	0	0	93	0	0	0	0	0	4	0	0	0	0	0	0	0	7	0
3309	0	0	0	4	0	0	0	0	0	0	0	0	0	0	0	0	1	0	0	1	0	0	0	97	0	0	0	0	0	2	0	0	0	0	0	0	0	8	0
3310	0	0	0	0	0	0	0	1	0	0	0	0	1	0	0	0	4	0	7	0	0	0	0	47	0	0	0	0	0	3	0	0	0	0	1	0	0	16	1
3311	0	0	0	0	0	1	0	0	0	0	0	2	0	0	1	0	6	3	14	2	0	0	0	43	0	0	0	0	0	1	0	0	0	0	0	0	0	16	0
3312	0	0	0	0	1	0	0	0	2	2	0	0	0	0	0	1	18	0	14	4	0	0	0	11	1	0	0	0	0	6	0	0	1	0	0	17	0	5	0
3313	0	1	0	0	0	0	0	0	0	1	0	3	0	0	1	0	8	0	12	1	0	0	0	0	2	0	0	0	0	4	0	0	0	0	0	9	0	1	0
3314	0	0	0	0	3	0	0	0	0	0	0	0	0	0	0	0	14	0	4	2	0	0	0	0	0	0	0	0	0	10	0	0	0	0	0	6	0	0	0
3315	0	2	0	0	6	0	0	0	0	0	0	0	0	0	0	0	25	0	0	1	0	0	0	0	0	0	0	0	0	8	0	0	1	0	3	1	0	0	0
3316	0	0	0	0	10	0	0	0	0	0	0	0	0	0	0	0	17	0	0	0	0	0	0	0	0	0	0	0	0	9	0	0	3	0	0	0	0	0	0
3317	0	1	0	0	24	0	0	0	0	0	0	0	0	0	0	0	5	0	0	0	0	0	0	0	0	0	0	0	0	10	0	0	3	0	6	0	0	0	0
3397	0	0	0	0	0	0	0	0	0	1	0	2	0	0	0	0	14	0	21	0	0	0	0	3	4	0	0	0	0	4	0	0	3	0	0	0	0	2	0
3398	0	2	0	0	3	0	0	0	1	2	0	4	0	0	0	0	4	1	19	0	0	0	0	2	0	0	0	0	0	7	0	0	0	0	0	4	0	1	0
3399	1	0	0	0	1	0	0	0	0	0	0	7	0	0	0	0	6	2	16	0	0	0	0	2	0	0	0	0	0	7	0	0	0	0	0	0	0	1	0
3400	0	0	0	0	0	2	0	0	0	0	0	2	1	0	0	0	5	0	0	5	0	1	0	8	1	1	0	0	0	1	0	0	0	0	0	4	0	3	0
3401	0	0	0	0	2	0	0	1	0	1	0	2	0	0	0	0	13	1	3	0	0	0	0	7	0	0	0	0	0	3	0	0	1	0	0	17	0	5	0
3402	0	0	1	0	4	0	0	0	0	0	0	2	0	0	0	0	4	1	3	1	0	0	0	13	0	0	0	0	0	1	0	0	0	0	1	2	0	6	0
3403	1	0	0	0	0	0	0	0	0	1	0	0	0	0	0	0	3	0	8	0	1	0	0	16	0	0	0	0	0	1	0	0	0	0	0	2	1	14	0
3404	0	0	0	0	0	58	0	0	0	1	0	0	0	0	0	0	0	1	8	1	0	0	0	40	0	0	0	0	0	0	0	0	0	0	0	1	0	17	0
3405	1	0	2	0	0	0	0	0	1	1	0	0	2	0	0	0	1	0	3	2	0	1	0	47	1	0	0	0	0	0	0	0	0	0	0	0	1	10	0
3406	0	0	7	9	0	47	0	0	0	2	0	0	2	0	0	0	0	0	3	0	0	0	0	32	0	0	0	0	0	0	0	0	0	0	0	0	0	8	0
3407	1	0	13	0	0	0	0	0	0	0	0	0	1	0	0	0	0	0	0	0	0	1	0	1	0	0	0	0	0	2	0	0	0	0	0	0	0	4	0
3408	0	0	0	0	1	0	0	0	0	2	0	0	0	0	0	0	2	0	5	1	0	1	0	27	0	0	0	0	0	2	0	0	1	0	0	0	0	11	0
3409	0	0	1	0	2	0	0	0	0	1	0	0	0	0	0	0	14	0	14	1	0	0	0	13	0	0	0	0	0	7	0	0	2	0	0	1	0	2	0
3410	0	0	0	0	0	0	0	0	0	1	0	1	0	0	0	0	3	0	6	1	0	0	0	2	0	0	0	0	0	6	0	0	0	0	0	2	0	7	0
3411	0	0	0	0	2	0	0	0	0	0	0	2	0	0	0	0	17	0	0	1	0	0	0	0	0	0	0	0	0	9	0	0	0	0	0	5	0	0	0
3412	0	0	0	0	1	0	0	0	0	0	0	3	0	0	0	0	13	0	2	1	0	0	0	0	0	0	0	0	0	8	0	0	0	0	2	8	0	0	0
3413	0	1	0	0	10	0	0	0	0	0	0	0	0	0	0	0	20	0	0	0	0	0	0	0	0	0	0	0	0	12	0	0	3	0	1	0	0	0	0
3414	0	0	0	0	7	0	0	0	0	0	0	0	0	0	0	0	31	0	0	0	0	0	0	0	0	0	0	0	0	4	0	0	5	0	0	0	0	0	0
3415	0	0	0	0	7	0	0	0	0	0	0	0	0	0	0	0	26	0	0	0	0	0	0	0	0	0	0	0	0	3	0	0	6	0	0	0	0	0	0
3416	0	0	0	0	6	0	0	0	0	0	0	0	0	0	0	0	8	0	0	1	0	0	0	0	0	0	0	0	0	4	0	0	6	0	0	0	0	0	0
3417	0	0	0	0	5	0	0	0	0	0	0	0	0	0	0	0	4	0	0	0	0	0	0	0	0	0	0	0	0	8	0	0	4	0	3	1	0	0	0
3497	0	0	0	0	2	0	0	0	0	0	0	3	0	0	0	0	27	0	5	1	0	0	0	0	0	0	0	0	0	8	0	0	5	0	0	2	0	0	0
3498	0	3	0	0	5	0	0	0	0	0	0	1	0	0	0	0	24	0	0	0	0	0	0	0	0	0	0	0	0	6	0	0	3	0	0	0	0	0	0
3499	0	5	0	0	1	0	0	0	0	1	0	1	0	0	0	0	7	0	1	0	0	0	0	0	0	0	0	0	0	6	0	0	1	0	0	1	0	3	3
3500	0	2	0	0	6	0	0	0	0	0	0	1	0	0	0	0	18	0	5	1	0	0	0	0	0	0	0	0	0	9	0	0	0	0	0	0	0	0	0
3501	0	0	0	0	10	0	0	0	0	0	0	0	0	0	0	0	23	0	9	1	0	0	0	0	0	0	0	0	0	5	0	0	4	0	0	2	0	0	0
3502	0	6	0	0	0	0	0	0	0	0	0	0	0	0	0	0	8	0	1	2	0	0	0	0	0	0	0	0	0	2	0	0	4	0	0	1	0	0	0
3503	0	9	0	0	1	0	0	0	0	0	0	0	0	0	0	0	14	0	2	0	0	0	0	0	0	0	0	0	0	9	0	0	1	0	0	1	0	0	0
3504	0	0	0	0	1	16	0	0	1	0	0	0	0	0	0	0	19	0	10	1	0	0	0	6	0	0	0	0	0	6	0	0	0	0	0	3	0	2	0
3505	0	0	2	0	0	0	0	0	1	0	0	0	2	0	0	0	7	0	15	3	0	1	0	14	0	0	0	0	0	3	0	0	0	0	0	1	0	7	0
3506	0	0	10	0	0	0	0	0	0	0	0	4	0	0	0	0	7	0	18	0	0	0	0	1	0	0	0	0	0	1	0	0	3	0	1	3	1	2	0
3507	0	0	12	0	0	0	0	0	0	0	0	1	0	0	0	0	1	0	0	0	0	0	0	0	0	0	0	0	0	4	0	0	0	0	0	0	0	2	0
3508	0	0	5	0	3	0	0	0	0	1	0	0	0	0	0	0	6	0	2	0	0	0	0	0	0	0	0	0	0	2	0	0	5	0	0	0	0	0	0
3509	0	1	0	0	1	0	0	0	0	0	0	1	0	0	0	0	10	0	5	2	0	0	0	0	0	0	0	0	0	2	0	0	2	0	2	0	0	2	0
3510	0	1	0	0	1	0	0	0	0	0	0	0	0	0	0	0	7	0	0	1	0	0	0	0	0	0	0	0	0	11	0	0	0	0	2	6	0	0	0
3511	0	0	0	0	8	0	0	0	0	0	0	1	0	0	0	0	17	1	0	0	0	0	0	0	0	0	0	0	0	8	0	0	1	0	1	2	0	0	0
3512	0	0	0	0	15	0	0	0	0	0	0	1	0	0	0	0	24	0	0	0	0	0	0	0	0	0	0	0	0	10	0	0	2	0	3	4	0	0	0
3513	0	0	0	0	9	0	0	0	0	0	0	0	0	0	0	0	21	0	2	1	0	0	0	0	0	0	0	0	0	8	0	0	8	0	0	0	0	0	0
3514	0	0	0	0	3	0	0	0	0	0	0	0	0	0	0	0	9	0	0	0	0	0	0	0	0	0	0	0	0	8	0	0	7	0	1	3	0	0	0
3515	0	0	0	0	8	0	0	0	0	0	0	0	0	0	0	0	5	0	0	0	0	0	0	0	0	0	0	0	0	0	0	0	4	0	3	0	0	0	0
3516	0	0	0	0	4	0	0	0	0	0	0	0	0	0	0	0	4	0	0	0	0	0	0	0	0	0	0	0	0	10	0	0	6	0	0	0	0	0	0
3517	0	0	0	0	12	0	0	0	0	0	1	0	0	0	0	0	6	0	1	1	0	0	1	0	0	0	0	0	0	8	0	0	3	0	9	0	0	1	0
3597	0	2	0	0	10	0	0	0	0	0	0	0	0	0	0	0	21	0	0	0	0	0	0	0	0	0	0	0	0	6	0	0	10	0	0	3	0	0	0
3598	0	9	0	0	11	0	0	0	0	0	0	0	0	0	0	0	12	0	0	0	0	0	0	0	0	0	0	0	0	2	0	0	7	0	0	0	0	0	0
3599	0	3	0	0	2	0	0	0	0	1	0	2	0	0	0	0	2	0	0	0	0	1	0	0	0	0	0	0	0	2	0	0	4	0	1	2	0	1	0
3600	0	0	0	0	4	0	0	0	0	0	0	0	0	0	0	0	12	0	1	2	0	0	0	0	0	0	0	0	0	7	0	0	4	0	1	1	0	0	0
3601	0	0	0	0	16	0	0	0	0	0	0	0	0	0	0	0	20	0	0	0	0	0	0	0	0	0	0	0	0	8	0	0	7	0	1	0	0	0	0
3602	0	2	0	0	14	0	0	0	0	0	0	0	0	0	0	0	23	0	0	0	0	0	0	0	0	0	0	0	0	6	0	0	2	0	1	0	0	0	0
3603	0	14	0	0	5	0	0	0	0	0	0	0	0	0	0	0	9	0	0	0	0	0	0	0	0	0	0	0	0	6	0	0	4	0	0	0	0	0	0
3604	0	2	0	0	3	0	0	0	0	0	0	0	0	0	0	0	25	0	1	0	0	0	0	0	0	0	0	0	0	6	0	0	2	0	0	0	0	0	0
3605	0	3	3	0	1	0	0	0	1	1	0	0	0	0	0	0	11	0	15	3	0	2	0	3	0	0	0	0	0	1	0	1	1	0	0	3	0	7	0
3606	0	0	1	0	0	0	0	0	0	1	0	3	0	0	0	0	9	0	48	0	0	0	0	0	0	0	0	0	0	2	0	0	1	0	0	13	0	4	0
3607	0	0	3	0	0	0	0	0	0	0	0	2	1	0	0	0	2	0	0	1	0	0	0	0	0	0	0	0	0	0	0	0	0	0	1	2	0	3	0
3608	0	0	1	0	1	0	0	0	0	0	0	1	0	0	0	0	5	0	2	1	0	1	0	1	0	0	0	0	0	3	0	0	2	0	0	4	0	1	0
3609	0	0	0	0	8	0	0	0	0	0	0	0	0	0	0	0	19	0	1	2	0	0	0	0	0	0	0	0	0	8	0	0	0	0	3	3	0	0	0
3610	0	0	0	0	5	0	0	0	0	0	0	0	0	0	0	0	21	0	0	0	0	0	0	0	0	0	0	0	0	13	0	0	0	1	2	3	0	0	0
3611	0	1	0	0	9	0	0	0	0	0	0	0	0	0	0	0	23	0	0	1	0	0	0	0	0	0	0	0	0	9	0	0	2	0	3	1	0	0	0
3612	0	1	0	0	14	0	0	0	0	0	0	0	0	0	0	0	18	0	0	0	0	0	0	0	0	0	0	0	0	14	0	0	0	0	3	3	0	0	0
3613	0	0	0	0	10	0	0	0	0	0	0	0	0	0	0	0	14	0	0	0	0	0	0	0	0	0	0	0	0	8	0	0	5	1	0	0	0	0	0
3614	0	0	0	0	4	0	0	0	0	0	0	0	0	0	0	0	6	0	0	0	0	0	0	0	0	0	0	0	0	4	0	0	9	0	2	1	0	0	0
3615	0	0	0	0	0	0	0	0	0	0	0	0	0	0	0	0	13	0	0	0	0	0	0	0	0	0	0	0	0	3	0	0	6	1	4	0	0	0	0
3616	0	0	0	0	7	0	0	0	0	0	0	0	0	0	0	0	14	0	0	4	0	0	0	0	0	0	0	0	0	6	0	0	3	0	4	0	0	1	0
3617	0	0	0	0	4	0	0	0	1	0	1	2	0	0	0	0	2	0	0	6	0	0	0	0	0	0	0	0	0	10	0	0	2	0	3	4	0	0	0
3697	0	3	0	0	12	0	0	0	0	0	0	0	0	0	0	0	16	0	0	0	0	0	0	0	0	0	0	0	0	3	0	0	6	0	0	0	0	0	0
3698	0	13	0	0	16	0	0	0	0	0	0	1	0	0	0	0	9	0	0	0	0	1	0	0	0	0	0	0	0	0	0	0	9	0	0	1	0	0	0
3699	0	2	0	0	4	0	0	0	0	0	0	1	0	0	0	0	9	0	0	1	0	0	0	0	0	0	0	0	0	5	0	0	4	0	0	8	0	1	0
3700	0	0	0	0	7	0	0	0	0	0	0	3	0	0	0	0	21	0	0	0	0	0	0	0	0	0	0	0	0	6	0	0	8	0	0	5	0	0	0
3701	0	0	0	0	17	0	0	0	0	0	0	0	0	0	0	0	8	0	0	0	0	0	0	0	0	0	0	0	0	7	0	0	5	0	3	0	0	0	0
3702	0	1	0	0	34	0	0	0	0	0	0	0	0	0	0	0	6	0	0	0	0	0	0	0	0	0	0	0	0	4	0	0	9	0	0	0	0	0	0
3703	0	5	0	0	21	0	0	0	0	0	0	0	0	0	0	0	23	0	0	0	0	0	0	0	0	0	0	0	0	4	0	0	5	0	0	0	0	0	0
3704	0	2	0	0	20	0	0	0	0	0	0	0	0	0	0	0	26	0	2	0	0	0	0	0	0	0	0	0	0	4	0	0	1	0	0	0	0	0	0
3705	0	7	0	0	3	0	0	0	0	0	0	2	0	0	0	0	9	0	0	0	0	0	0	0	0	0	0	0	0	5	0	0	8	0	0	0	0	0	0
3706	0	2	0	0	1	0	0	0	0	0	0	4	0	0	1	0	9	0	21	1	0	0	0	4	0	0	0	0	0	2	0	0	3	0	0	3	0	8	0
3707	0	1	0	0	0	3	0	0	0	1	0	1	0	0	0	0	0	0	13	0	0	0	0	2	0	0	0	0	0	4	0	0	0	0	1	0	0	10	0
3708	0	1	0	0	5	0	0	0	0	0	0	0	0	0	0	0	21	0	0	0	0	0	0	0	0	0	0	0	0	10	0	0	1	0	1	0	0	0	0
3709	0	0	0	0	9	0	0	0	0	0	0	0	0	0	0	0	20	0	0	0	0	0	0	0	0	0	0	0	0	8	0	0	9	0	0	0	0	0	0
3710	0	0	0	0	8	0	0	0	0	0	0	0	0	0	0	0	39	0	0	0	0	0	0	0	0	0	0	0	0	12	0	0	6	0	2	0	0	0	0
3711	0	0	0	0	4	0	0	0	0	0	0	0	0	0	0	0	6	0	0	0	0	0	0	0	0	0	0	0	0	16	0	0	6	0	2	1	0	0	0
3712	0	0	0	0	4	0	0	0	0	0	0	0	0	0	0	0	3	0	0	0	0	0	0	0	0	0	0	0	0	9	0	0	2	3	5	2	0	0	0
3713	0	0	0	0	1	0	0	0	0	0	0	0	0	0	0	0	2	0	0	0	0	0	0	0	0	0	0	0	0	7	1	0	4	2	3	1	0	0	0
3714	0	0	0	0	0	0	0	0	0	0	0	0	0	0	0	0	7	0	0	0	0	0	0	0	0	0	0	0	0	2	1	0	7	0	4	0	0	0	0
3715	0	0	0	0	0	0	0	0	1	0	1	1	0	0	0	0	8	0	1	2	0	0	0	0	0	0	0	0	0	3	0	0	4	0	0	0	0	0	0
3716	0	0	0	0	2	0	0	0	0	1	1	0	0	0	0	0	5	0	1	2	0	0	0	0	0	0	0	0	0	8	0	0	5	0	1	8	0	0	0
3717	0	0	0	0	3	0	0	0	0	2	1	0	0	0	0	0	5	0	6	4	0	0	0	0	0	0	0	1	0	6	0	0	0	0	2	0	0	0	0
3797	0	8	0	0	3	0	0	0	0	0	0	3	0	0	0	0	11	0	0	0	0	0	0	0	0	0	0	0	0	2	0	0	12	0	0	1	0	0	0
3798	0	10	0	0	3	0	0	0	0	1	0	0	0	0	0	0	2	0	6	0	0	1	0	0	0	0	0	0	1	4	0	0	9	0	1	9	0	2	0
3799	0	1	0	0	13	0	0	0	0	0	0	0	0	0	0	0	5	0	0	1	0	0	0	0	0	0	0	0	0	6	0	0	4	0	0	16	0	0	0
3800	0	3	0	0	10	0	0	0	0	0	0	0	0	0	0	0	11	0	0	0	0	0	0	0	0	0	0	0	0	6	0	0	6	0	3	0	0	0	0
3801	0	0	0	0	6	0	0	0	0	0	0	0	0	0	0	0	6	0	0	0	0	0	0	0	0	0	0	0	0	6	0	0	6	0	0	0	0	0	0
3802	0	1	0	0	12	0	0	0	0	0	0	0	0	0	0	0	7	0	0	0	0	0	0	0	0	0	0	0	0	8	0	0	9	0	2	0	0	0	0
3803	0	5	0	0	21	0	0	0	0	0	0	0	0	0	0	0	7	0	0	0	0	0	0	0	0	0	0	0	0	5	0	0	8	0	0	0	0	0	0
3804	0	9	0	0	20	0	0	0	0	0	0	0	0	0	0	0	14	0	0	0	0	0	0	0	0	0	0	0	0	2	0	0	9	0	0	0	0	0	0
3805	0	10	0	0	5	0	0	0	0	1	0	2	0	0	0	0	14	0	0	0	0	0	0	0	0	0	0	0	0	3	0	0	8	0	0	0	0	0	0
3806	0	3	0	0	2	0	0	0	0	1	0	7	0	0	0	0	6	0	15	0	0	0	0	1	0	0	0	0	0	1	0	0	1	0	1	0	0	0	0
3807	0	2	0	0	5	0	0	0	3	0	0	2	0	0	0	0	7	0	7	0	0	1	0	3	0	0	0	0	0	1	0	0	2	0	2	0	0	4	0
3808	0	2	0	0	9	0	0	0	0	0	0	1	0	0	0	0	11	0	0	0	0	0	0	0	0	0	0	0	0	7	0	0	0	0	5	0	0	0	0
3809	0	0	0	0	6	0	0	0	0	0	0	0	0	0	0	0	15	0	0	0	0	0	0	0	0	0	0	0	0	3	0	0	6	2	2	1	0	0	0
3810	0	0	0	0	10	0	0	0	0	0	0	0	0	0	0	0	14	0	0	0	0	0	0	0	0	0	0	0	0	6	0	0	2	0	3	0	0	0	0
3811	0	0	0	0	1	0	0	0	0	0	0	0	0	0	0	0	4	0	0	1	0	0	0	0	0	0	0	0	0	9	0	0	12	0	2	0	0	0	0
3812	0	0	0	0	0	0	0	0	0	0	0	0	0	0	0	0	7	0	0	1	0	0	0	0	0	0	0	0	0	0	1	0	4	1	12	0	0	0	0
3813	0	0	0	0	0	0	0	0	0	0	0	0	0	0	0	0	11	0	0	0	0	0	0	0	0	0	0	0	0	8	0	0	0	0	8	0	0	0	0
3814	0	0	0	0	0	0	0	0	0	0	6	0	0	0	0	0	17	0	1	0	0	0	0	0	0	0	0	0	1	2	1	0	4	0	4	0	0	0	1
3815	0	0	0	0	0	0	0	0	1	3	0	0	0	0	0	0	3	0	2	9	0	0	0	0	0	0	0	0	0	5	0	0	1	0	1	0	0	1	0
3816	0	0	0	0	2	0	0	0	0	0	0	0	0	0	0	0	5	0	13	5	0	0	0	0	0	0	0	0	0	8	0	0	0	0	2	0	0	3	0
3817	0	0	0	0	0	1	0	0	0	0	0	0	0	0	0	0	12	0	29	0	0	0	0	0	0	0	0	0	0	3	0	0	2	0	1	0	0	1	0
3897	0	2	0	0	5	0	0	0	0	2	1	2	0	0	0	0	23	0	2	1	0	0	0	0	0	0	0	0	1	4	0	0	11	0	0	1	0	0	0
3898	0	7	0	0	6	0	0	0	0	0	0	0	0	0	0	0	16	0	0	0	0	0	0	0	0	0	0	0	0	5	0	0	7	0	0	0	0	0	0
3899	0	0	0	0	6	0	0	0	0	0	0	0	0	0	0	0	7	0	0	0	0	0	0	0	0	0	0	0	0	7	0	0	7	0	0	0	0	0	0
3900	0	0	0	0	10	0	0	0	0	0	1	0	0	0	0	0	2	0	0	0	0	0	0	0	0	0	0	0	0	2	2	0	5	0	7	0	0	0	0
3901	0	0	0	0	3	0	0	0	0	0	0	0	0	0	0	0	4	0	0	0	0	0	0	0	0	0	0	0	0	5	0	0	3	0	1	0	0	0	0
3902	0	0	0	0	10	0	0	0	0	0	0	0	0	0	0	0	9	0	0	0	0	0	0	0	0	0	0	0	0	2	2	0	5	0	3	2	0	0	0
3903	0	7	0	0	21	0	0	0	0	0	0	0	0	0	0	0	7	0	0	0	0	0	0	0	0	0	0	0	0	2	0	0	12	0	2	0	0	0	0
3904	0	10	0	0	4	0	0	0	0	1	0	0	0	0	0	0	17	0	0	0	0	0	0	0	0	0	0	0	0	4	0	0	11	0	0	0	0	0	0
3905	0	5	0	0	2	0	0	0	0	1	0	3	0	0	0	0	12	0	1	0	0	0	0	0	0	0	0	0	0	2	0	0	3	0	0	0	0	0	0
3906	0	4	0	0	0	0	0	0	0	2	0	2	0	0	0	0	12	0	16	2	0	0	0	21	0	0	0	0	0	1	0	0	7	0	0	3	0	2	0
3907	0	2	0	2	0	0	0	0	0	0	0	0	0	0	0	0	2	1	17	0	0	1	0	2	0	0	0	0	0	4	0	0	0	0	0	4	0	1	0
3908	0	2	0	0	16	0	0	0	0	0	0	0	0	0	0	0	16	0	0	1	0	0	0	0	0	0	0	0	0	9	0	0	1	0	1	4	0	0	0
3909	0	0	0	0	9	0	0	0	0	0	0	0	0	0	0	0	20	0	0	0	0	0	0	0	0	0	0	0	0	18	0	0	4	0	1	0	0	0	0
3910	0	2	0	0	4	0	0	0	0	0	0	0	0	0	0	0	4	0	0	0	0	0	0	0	0	0	0	0	0	8	0	0	8	4	7	2	0	0	0
3911	0	0	0	0	3	0	0	0	0	0	0	0	0	0	0	0	3	0	0	0	0	0	0	0	0	0	0	0	0	6	6	0	1	1	9	0	0	0	0
3912	0	0	0	0	1	0	0	0	0	0	0	0	0	0	0	0	6	0	0	0	0	0	0	0	0	0	0	0	0	2	5	0	2	1	11	0	0	0	0
3913	0	0	0	0	1	0	0	0	0	0	5	0	0	0	0	0	11	0	0	2	0	0	0	0	0	0	0	0	0	4	0	0	0	0	6	0	0	1	0
3914	0	0	0	0	0	0	0	0	1	1	2	0	0	0	0	0	5	1	6	7	0	0	0	0	1	0	0	0	0	2	0	0	3	0	2	0	0	5	0
3915	0	0	0	0	0	0	0	0	0	0	0	0	0	0	0	0	5	0	11	5	0	0	0	0	0	0	0	0	0	6	0	0	4	0	0	0	0	2	0
3916	0	0	0	0	0	0	0	0	0	0	0	2	0	0	0	0	16	0	8	0	0	0	0	0	1	0	0	0	0	4	0	0	0	0	0	0	0	3	0
3917	0	4	0	0	0	0	0	0	0	0	0	1	0	0	0	0	3	0	21	0	0	0	0	0	0	0	0	0	0	3	0	0	0	0	1	0	0	1	0
3997	0	0	0	0	3	0	0	0	1	0	1	0	1	0	0	0	8	0	16	4	0	0	0	0	0	0	0	0	0	2	0	0	15	0	0	0	0	1	0
3998	0	0	0	0	6	0	0	0	0	0	1	1	0	0	0	0	9	0	0	1	0	0	0	0	0	0	0	0	0	5	0	0	15	0	3	1	0	0	0
3999	0	0	0	0	8	0	0	0	0	0	0	1	0	0	0	0	8	0	3	1	0	1	0	0	0	0	0	0	0	8	1	0	4	0	0	0	0	0	0
4000	0	0	0	0	2	0	0	0	0	0	5	0	0	0	0	0	2	0	0	3	0	0	0	0	0	0	0	0	0	3	4	0	2	1	5	1	0	0	0
4001	0	0	0	0	1	0	0	0	1	0	3	0	0	0	0	0	7	0	0	0	0	0	0	0	0	0	0	0	0	3	0	0	2	0	2	0	0	0	0
4002	0	1	0	0	5	0	0	0	0	2	3	0	0	0	0	0	16	0	2	2	0	0	0	0	0	0	0	0	0	11	1	0	4	0	2	2	0	1	0
4003	0	10	0	0	5	0	0	0	0	2	0	2	0	0	0	0	9	0	0	1	0	0	0	0	0	0	0	0	0	3	0	0	4	0	0	1	0	0	0
4004	0	12	0	0	1	0	0	0	0	0	0	1	0	0	0	0	14	0	2	0	0	0	0	0	0	0	0	0	0	2	0	0	4	0	0	0	0	0	0
4005	0	14	0	0	1	0	0	0	0	1	0	1	0	0	0	0	16	0	5	0	0	0	0	0	0	0	0	0	0	0	0	0	10	0	0	2	0	0	0
4006	0	0	0	0	0	38	0	0	0	3	0	1	0	0	0	0	4	0	10	3	0	3	0	5	0	0	0	0	0	0	0	0	1	0	0	0	0	3	0
4007	0	1	0	0	3	0	0	0	1	2	1	2	0	0	0	0	8	0	13	1	0	0	0	2	0	0	0	0	0	2	0	0	1	0	4	7	0	0	0
4008	0	0	0	0	10	0	0	0	0	0	0	0	0	0	0	0	22	0	0	0	0	0	0	0	0	0	0	0	0	10	0	0	2	0	2	5	0	0	0
4009	0	0	0	0	7	0	0	0	0	0	0	0	0	0	0	0	9	0	0	0	0	0	0	0	0	0	0	0	0	6	3	0	10	0	3	3	0	0	0
4010	0	0	0	0	2	0	0	0	0	0	0	0	0	0	0	0	8	0	0	0	0	0	0	0	0	0	0	0	0	3	2	0	8	1	4	0	0	0	0
4011	0	0	0	0	6	0	0	0	0	0	1	1	0	0	0	0	2	0	0	0	0	0	0	0	0	0	0	0	0	0	2	0	1	1	11	0	0	0	0
4012	0	0	0	0	0	0	0	0	0	1	8	0	0	0	0	0	4	0	1	0	0	0	0	0	0	0	0	0	0	3	3	0	1	2	3	0	0	0	0
4013	0	0	0	0	1	0	0	0	0	1	1	0	0	0	0	0	13	0	2	1	0	0	0	0	0	0	0	0	1	6	0	0	3	1	1	0	0	2	0
4014	0	0	0	0	0	0	0	0	0	1	2	0	0	1	0	0	7	0	7	12	0	0	0	0	0	0	0	0	1	6	0	0	1	0	0	0	0	0	2
4015	0	0	0	0	0	0	0	0	0	0	0	0	0	0	0	0	14	0	17	2	0	0	0	0	0	0	0	0	0	4	0	0	1	0	0	0	0	0	0
4016	0	0	0	0	0	0	0	0	0	0	0	0	0	0	0	0	8	0	14	0	0	0	0	0	0	0	0	0	0	3	0	0	2	0	0	0	0	1	0
4017	0	2	0	0	0	0	0	0	0	1	0	0	0	0	1	0	10	0	19	4	0	0	0	0	0	0	0	0	0	3	0	0	2	0	0	0	1	0	0
4097	0	0	0	0	0	0	0	0	0	4	0	0	0	0	0	0	2	0	11	6	0	0	0	0	0	0	0	0	1	1	0	0	4	1	0	0	0	1	0
4098	0	0	0	0	0	0	0	0	1	1	10	1	3	0	0	0	5	0	2	4	0	0	0	0	0	0	0	0	0	2	0	0	11	0	0	0	0	0	0
4099	0	0	0	0	0	0	0	0	0	5	4	1	1	1	0	0	4	0	1	5	0	0	0	0	0	0	0	0	0	5	0	0	8	0	1	0	0	1	0
4100	0	0	0	0	1	0	0	0	1	2	7	0	0	0	0	0	0	0	2	7	0	0	0	0	0	0	0	0	0	2	0	0	6	3	2	0	0	1	0
4101	0	0	0	0	0	0	1	0	0	1	1	0	1	0	0	0	0	0	5	4	0	1	0	0	0	0	0	0	0	3	0	0	13	0	0	0	0	2	0
4102	0	0	0	0	1	0	1	0	0	1	0	1	2	0	0	0	1	0	10	2	0	0	0	0	0	0	0	0	0	3	0	0	5	0	0	1	0	0	0
4103	0	4	0	0	0	0	0	0	1	0	0	1	0	0	0	0	13	0	18	4	0	0	0	0	0	0	0	0	0	2	0	0	4	0	0	0	0	1	0
4104	0	11	0	0	0	0	0	0	0	1	0	1	0	0	0	0	7	0	14	1	0	0	0	0	0	0	0	0	0	0	0	0	4	0	0	1	0	0	0
4105	0	3	0	0	0	0	0	0	0	0	0	0	1	0	0	2	11	0	32	0	0	0	0	0	0	0	0	0	0	0	0	0	2	0	0	7	0	1	0
4106	0	0	0	0	0	0	0	0	0	1	0	0	1	0	1	0	2	0	13	1	1	3	0	0	0	0	0	0	0	1	0	0	0	0	1	0	0	5	0
4107	0	5	0	0	7	0	0	0	0	0	0	0	0	0	0	0	12	0	0	1	0	0	0	0	0	0	0	0	0	3	0	0	2	0	5	7	0	1	0
4108	0	2	0	0	8	0	0	0	0	0	0	0	0	0	0	0	11	0	0	0	0	0	0	0	0	0	0	0	0	4	0	0	4	0	2	3	0	0	0
4109	0	0	0	0	4	0	0	0	0	0	0	1	0	0	0	0	6	0	0	0	0	0	0	0	0	0	0	0	0	2	2	0	9	1	6	6	0	0	0
4110	0	0	0	0	3	0	0	0	0	0	0	1	0	0	0	0	3	0	0	0	0	0	0	0	0	0	0	0	0	0	8	0	2	1	15	1	0	0	0
4111	0	0	0	0	0	0	0	0	0	0	2	1	0	0	0	0	5	0	0	0	0	0	0	0	0	0	0	0	0	1	4	0	2	3	12	0	0	0	0
4112	0	0	0	0	0	0	0	0	0	1	6	1	0	0	0	0	3	0	4	6	0	0	0	0	0	0	0	1	0	0	0	0	2	13	2	0	0	0	0
4113	0	0	0	0	0	0	0	0	2	4	1	0	0	0	0	0	1	0	6	21	0	0	0	0	0	0	0	0	1	2	0	0	1	0	2	0	0	1	0
4114	0	0	0	0	1	0	0	0	1	2	1	0	0	0	0	0	12	0	3	7	0	0	0	0	0	0	0	0	0	2	0	0	2	0	2	0	0	0	1
4115	0	0	0	0	5	0	0	0	0	0	0	0	0	0	0	0	18	0	10	0	0	0	0	0	0	0	0	0	0	5	0	0	5	0	2	1	0	0	0
4116	0	0	0	0	3	0	0	0	0	0	0	0	0	0	0	0	15	0	8	1	0	0	0	0	0	0	0	0	0	7	0	0	5	0	0	1	0	0	0
4117	0	4	0	0	2	0	0	0	0	1	0	0	0	0	0	0	15	0	5	1	0	0	0	0	0	0	0	0	0	6	0	0	1	0	0	1	0	0	0
4197	0	0	0	0	0	0	1	0	0	3	3	0	0	0	1	0	5	0	13	6	0	0	0	0	1	0	0	0	0	2	0	0	4	0	1	0	0	0	0
4198	0	0	0	0	0	0	0	0	0	6	2	0	0	0	2	0	0	0	4	4	0	0	0	0	0	0	0	0	0	0	0	0	9	1	0	0	0	0	0
4199	0	0	0	0	0	0	0	0	0	1	3	0	2	0	0	0	2	0	3	4	0	0	0	0	0	0	0	0	0	10	1	0	3	3	2	0	0	0	0
4200	0	0	0	0	0	0	0	0	0	2	1	0	0	0	1	0	3	0	1	8	0	0	0	0	0	0	0	0	1	3	0	0	3	4	4	0	0	2	0
4201	0	0	0	0	0	0	0	0	0	7	4	0	0	0	0	0	1	0	2	2	0	0	0	0	0	0	0	0	0	2	0	0	8	1	1	0	0	0	0
4202	0	1	0	0	1	0	0	0	0	1	0	1	1	0	0	0	2	0	5	7	0	0	0	0	0	0	0	0	0	1	0	0	5	0	0	0	0	2	0
4203	0	4	1	0	1	0	0	0	0	0	0	0	0	0	0	0	3	0	12	1	0	0	0	0	0	0	0	0	0	3	0	0	2	0	0	2	0	0	0
4204	0	1	1	0	0	0	0	0	0	0	0	0	0	0	0	0	2	0	40	1	0	1	0	0	0	0	0	0	0	2	0	0	1	0	0	2	0	2	0
4205	0	6	2	0	1	1	0	0	2	0	0	0	0	0	0	0	2	0	7	0	0	0	0	0	0	0	0	0	1	0	0	0	0	0	1	1	0	0	0
4206	0	7	1	0	1	0	0	0	0	3	0	0	0	0	0	0	4	0	0	0	0	0	0	0	0	0	0	0	0	2	0	0	3	0	0	5	0	0	0
4207	0	4	0	0	5	0	0	0	0	0	0	0	0	0	0	0	11	0	2	0	0	0	0	0	0	0	0	0	0	5	0	0	1	0	2	11	0	0	0
4208	0	0	0	0	6	0	0	0	0	0	0	0	0	0	0	0	11	0	0	0	0	0	0	0	0	0	0	0	0	1	0	0	9	0	0	1	0	0	0
4209	0	0	0	0	2	0	0	0	0	0	0	0	0	0	0	0	2	0	0	0	0	0	0	0	0	0	0	0	0	2	1	0	4	1	5	0	0	0	0
4210	0	0	0	0	1	0	0	0	0	0	2	0	0	0	0	0	3	0	0	0	0	0	0	0	0	0	0	0	0	0	5	0	3	6	6	1	0	0	0
4211	0	0	0	0	0	0	0	0	0	3	8	0	0	0	0	0	2	0	0	8	0	0	0	0	0	0	0	0	0	2	0	0	9	7	3	0	0	0	0
4212	0	0	0	0	0	0	0	0	0	3	4	1	0	0	0	0	0	0	1	18	0	0	0	0	0	0	0	0	0	0	0	0	4	8	0	1	0	0	0
4213	0	0	0	0	1	0	0	0	0	5	2	0	0	0	0	0	0	2	41	34	0	1	0	0	0	0	0	0	0	0	0	0	1	2	0	0	0	0	0
4214	0	0	0	0	1	0	0	0	0	5	0	1	0	0	0	0	5	0	15	15	0	0	0	0	0	0	0	0	0	1	0	0	4	0	2	0	0	1	0
4215	0	0	0	0	2	1	0	0	2	0	0	0	0	0	0	0	23	0	12	2	0	0	0	0	0	0	0	1	0	1	0	0	8	0	2	0	0	0	0
4216	0	0	0	0	3	0	0	0	0	0	0	1	0	0	0	0	17	0	7	2	0	0	0	0	0	0	0	0	0	2	0	0	5	0	6	0	0	0	0
4217	0	4	0	0	7	0	0	0	0	0	0	0	0	0	0	0	19	0	0	0	0	0	0	0	0	0	0	0	0	5	0	0	10	0	1	0	0	0	0
