	Abies_amabilis	Abies_grandis	Acer_circinatum	Alnus_rubra	Amelanchier_alnifolia	Corylus_cornuta	Cornus_nuttallii	Holodiscus_discolor	Menziesia_ferruginea	Oemleria_cerasiformis	Pinus_monticola	Pseudotsuga_menziesii	Rhododendron_macrophyllum	Rhamnus_purshiana	Rosa_gymnocarpa	Rubus_spectabalis	Taxus_brevifolia	Thuja_plicata	Tsuga_heterophylla	Vaccinium_membranaceum	Vaccinium_ovalifolium	Vaccinium_parvifolium
A01	12	0	6	0	0	1	0	0	0	0	0	0	0	0	0	0	3	0	11	0	0	1
A02	45	0	10	0	0	0	0	0	0	0	0	2	0	0	0	0	8	0	9	0	0	0
A03	28	0	15	0	0	0	0	0	0	0	0	1	0	0	0	0	2	0	23	0	0	0
A04	25	0	17	0	0	0	0	0	0	0	0	2	0	0	0	0	1	0	13	0	0	2
A05	23	0	5	0	0	0	0	0	0	0	0	3	0	0	0	0	0	0	16	0	0	1
A06	27	0	14	0	0	0	0	0	0	0	0	2	0	0	0	0	2	0	66	0	0	5
A07	40	0	11	0	0	0	0	0	0	0	0	2	0	0	0	0	6	0	17	0	0	8
A08	24	0	7	0	0	0	0	0	0	0	0	0	0	0	0	0	1	0	20	0	0	8
A09	9	0	27	0	0	0	1	0	0	0	0	2	0	0	0	0	1	0	11	0	0	1
A10	4	0	42	0	0	2	0	2	0	0	0	1	0	0	0	0	4	0	4	0	0	0
A11	5	0	47	0	0	0	1	0	1	0	0	0	36	0	0	0	4	0	17	0	0	0
A12	20	0	5	0	0	0	1	0	0	0	0	0	59	0	0	0	2	0	13	0	0	10
A13	13	0	3	0	0	0	1	0	0	0	0	0	0	0	0	0	4	0	29	0	0	2
A14	7	0	6	0	0	0	0	0	0	0	0	0	0	0	0	0	4	0	16	0	0	2
A15	3	0	5	0	0	0	0	0	0	0	0	0	0	0	0	0	7	0	10	0	0	0
A16	12	0	5	0	0	0	0	0	0	0	0	1	0	0	0	0	3	0	27	0	0	2
A17	10	0	1	0	0	0	0	0	0	0	0	1	0	0	0	0	1	0	17	0	0	0
A18	3	0	2	0	0	0	0	0	0	0	0	1	0	0	0	0	4	0	13	0	0	0
A19	0	0	1	0	0	0	0	0	0	0	0	1	0	0	0	0	3	0	16	0	0	0
A20	0	0	0	0	0	0	0	0	0	0	0	0	0	0	0	0	2	0	15	0	0	1
A21	1	0	11	0	0	0	0	0	0	0	0	1	0	0	0	0	1	0	9	0	0	0
A22	12	0	11	0	0	0	2	0	0	0	0	2	0	0	0	0	0	0	7	0	0	0
A23	5	0	6	0	0	0	0	0	0	0	0	2	0	0	0	0	4	0	17	0	0	0
A24	1	0	5	0	0	0	0	0	0	0	0	2	0	0	0	0	0	1	9	0	0	0
A25	6	1	12	0	0	0	0	0	0	0	0	1	0	0	0	0	3	0	21	0	0	0
A26	1	0	5	0	0	1	1	0	0	0	0	0	0	0	0	0	3	0	22	0	0	1
A27	3	0	9	0	0	0	0	0	0	0	0	3	0	0	0	0	2	0	8	0	0	0
A28	9	0	11	0	0	0	0	0	0	0	0	1	0	0	0	0	1	0	13	0	0	0
A29	2	0	7	0	0	0	0	0	0	0	0	3	0	0	0	0	1	0	12	0	0	0
A30	2	0	10	0	0	0	0	0	0	0	0	0	0	0	0	0	2	0	19	0	0	1
A31	3	0	4	0	0	0	0	0	0	0	0	0	0	0	0	0	1	0	28	0	0	0
A32	2	0	14	0	0	0	0	0	0	0	0	6	0	0	0	0	0	0	12	0	0	0
A33	9	0	10	0	0	0	0	0	0	0	0	1	0	0	0	0	3	0	7	0	0	0
A34	1	0	6	0	0	0	0	0	0	0	0	3	0	0	0	0	1	0	10	0	0	0
A35	10	0	9	0	0	0	0	0	0	0	0	0	0	0	0	0	3	1	10	0	0	0
A36	2	0	8	0	0	0	0	0	0	0	0	3	0	0	0	0	3	0	18	0	0	0
A37	3	0	3	0	0	0	0	0	0	0	0	1	0	0	0	0	4	0	14	0	0	0
A38	1	0	2	0	0	0	0	0	0	0	0	4	0	0	0	0	5	0	14	0	0	0
A39	4	0	1	0	0	0	0	0	0	0	0	3	0	0	0	0	1	0	18	0	0	1
A40	59	0	2	0	0	0	0	0	0	0	0	0	0	0	0	0	8	0	32	0	0	1
B01	9	0	20	0	2	0	0	0	0	0	0	1	0	0	0	0	5	0	23	0	0	2
B02	9	0	5	0	0	0	0	0	0	0	0	2	0	0	0	0	2	0	13	0	0	0
B03	18	0	9	0	0	0	0	0	0	0	0	1	0	0	0	0	2	0	7	0	0	0
B04	27	0	11	0	0	0	0	0	0	0	0	0	0	0	0	0	1	0	17	0	0	0
B05	11	0	7	0	0	0	0	0	0	0	0	1	0	0	0	0	1	0	29	0	0	0
B06	23	0	18	0	0	0	0	0	0	0	0	0	0	0	0	0	6	0	50	0	0	1
B07	19	0	34	0	0	0	1	0	0	0	0	0	0	0	0	0	3	0	27	0	0	2
B08	22	0	31	0	0	0	0	0	0	0	0	3	0	0	0	0	1	0	5	0	0	2
B09	3	0	34	0	0	0	0	0	0	0	0	0	0	0	0	0	3	0	11	0	0	0
B10	1	0	98	0	0	4	0	0	0	0	0	0	0	1	0	0	1	0	9	0	0	0
B11	7	0	5	0	0	0	0	0	0	0	0	0	51	0	0	0	3	0	29	0	1	0
B12	3	0	3	0	0	0	0	0	0	0	0	1	4	0	0	0	7	0	20	0	0	0
B13	5	0	12	0	0	0	0	0	0	0	0	0	0	0	0	0	2	0	7	0	0	3
B14	8	0	2	0	0	0	0	0	0	0	0	2	0	0	0	0	3	0	16	0	0	3
B15	7	0	10	0	0	0	1	0	0	0	0	0	0	0	0	0	7	0	21	0	0	1
B16	17	0	2	0	0	0	1	0	0	0	0	0	0	0	0	0	5	0	12	0	0	6
B17	6	0	8	0	0	0	0	0	0	0	0	0	0	0	0	0	5	0	13	0	0	1
B18	0	0	10	0	0	0	0	0	0	0	0	0	0	0	0	0	0	0	18	0	0	0
B19	1	0	8	0	0	0	0	0	0	0	0	0	0	0	0	0	2	0	16	0	0	1
B20	2	0	2	0	0	0	0	0	0	0	0	0	0	0	0	0	4	0	17	0	0	0
B21	7	0	3	0	0	0	1	0	0	0	0	0	0	0	0	0	0	0	15	0	0	0
B22	6	0	2	0	0	0	0	0	0	0	0	0	0	0	0	0	2	0	11	0	0	0
B23	2	0	4	0	0	0	0	0	0	0	0	0	0	0	0	0	2	0	6	0	0	2
B24	0	0	11	0	0	0	0	0	0	0	0	2	0	0	0	0	1	0	13	0	0	0
B25	1	0	8	0	0	0	0	0	0	0	0	1	0	0	0	0	0	0	14	0	0	0
B26	0	0	5	0	0	0	0	0	0	0	0	1	0	0	0	0	3	0	22	0	0	0
B27	1	0	9	0	0	0	0	0	0	0	0	3	0	0	0	0	2	0	4	0	0	2
B28	4	0	12	0	0	0	1	0	0	0	0	0	0	0	0	0	2	0	7	0	0	4
B29	4	0	16	0	0	0	0	0	0	0	0	2	0	0	0	0	2	0	5	0	0	0
B30	12	0	31	0	0	0	0	0	0	0	0	0	0	0	0	0	3	0	14	0	0	0
B31	2	1	22	0	0	0	0	0	0	0	0	4	0	0	0	0	2	0	13	0	0	0
B32	0	0	18	0	0	0	0	0	0	0	0	4	0	0	0	0	2	0	6	0	0	0
B33	1	0	8	0	0	0	0	0	0	0	0	1	0	0	0	0	1	0	15	0	0	0
B34	0	0	1	0	0	0	0	0	0	0	0	0	0	0	0	0	0	0	20	0	0	0
B35	2	1	8	0	0	0	0	0	0	0	0	1	0	0	0	0	4	1	13	0	0	1
B36	15	1	5	0	0	0	0	0	0	0	0	0	0	0	0	0	5	0	26	0	0	1
B37	10	1	2	0	0	0	0	0	0	0	0	2	0	0	0	0	10	0	14	0	0	0
B38	7	0	11	0	0	0	0	0	0	0	0	4	0	0	0	0	7	0	11	0	0	0
B39	2	0	14	0	0	0	0	0	0	0	0	3	0	0	0	0	1	0	15	0	0	0
B40	9	0	8	0	0	0	0	0	0	0	0	1	0	0	0	0	6	0	10	0	0	0
C01	10	0	6	0	1	0	0	0	0	0	0	1	0	0	0	0	0	0	15	0	0	0
C02	4	0	8	0	0	0	0	0	0	0	0	2	0	0	0	0	2	0	16	0	0	0
C03	4	0	3	0	0	0	0	0	0	0	0	0	0	0	0	0	0	0	24	0	0	0
C04	13	0	7	0	0	0	0	0	0	0	0	0	0	0	0	0	3	0	24	0	0	0
C05	9	0	5	0	0	0	0	0	0	0	0	0	0	0	0	0	1	0	34	0	0	0
C06	25	0	5	0	0	0	0	0	0	0	0	0	0	0	0	0	1	0	38	0	0	0
C07	11	0	6	0	0	1	0	0	0	0	0	0	0	0	0	0	1	0	29	0	0	1
C08	18	0	21	0	0	0	0	0	0	0	0	0	0	0	0	0	2	0	16	0	0	1
C09	3	0	50	0	0	0	0	0	0	0	0	0	0	0	0	0	6	0	21	0	0	0
C10	2	0	39	0	0	0	0	0	0	0	0	0	0	0	0	0	4	0	15	0	0	0
C11	1	0	8	0	0	0	1	0	0	0	0	0	0	0	0	0	0	0	18	0	0	2
C12	1	0	4	0	0	0	0	0	0	0	0	1	0	0	0	0	7	1	19	0	0	0
C13	18	0	16	0	0	0	1	0	0	0	0	0	0	0	0	0	6	0	9	0	0	5
C14	14	0	7	0	0	0	0	0	0	0	0	0	0	0	0	0	1	0	24	0	0	1
C15	22	0	9	0	0	0	1	0	0	0	0	1	0	0	0	0	7	0	17	0	0	0
C16	16	0	4	0	0	0	0	0	0	0	0	0	0	0	0	0	4	0	11	0	0	0
C17	0	0	3	0	0	0	0	0	0	0	0	0	0	0	0	0	1	0	19	0	0	0
C18	1	0	2	0	0	0	0	0	0	0	0	0	0	0	0	0	3	0	11	0	0	1
C19	1	0	3	0	0	0	1	0	0	0	0	0	0	0	0	0	1	0	14	0	0	2
C20	4	0	7	0	0	0	0	0	0	0	0	0	0	0	0	0	1	0	11	0	0	1
C21	6	0	3	0	0	0	0	0	0	0	0	0	0	0	0	0	0	0	17	0	0	0
C22	1	0	6	0	0	0	0	0	0	0	0	0	0	0	0	0	2	0	18	0	0	2
C23	5	0	11	0	0	0	1	0	0	0	0	0	0	0	0	0	5	0	46	0	0	4
C24	1	0	9	0	0	0	0	0	0	0	0	1	0	0	0	0	1	0	13	0	0	0
C25	10	1	19	0	0	2	2	0	0	0	0	3	0	0	0	0	0	0	15	0	0	1
C26	2	0	14	0	0	0	0	0	0	0	0	1	0	0	0	0	2	0	7	0	0	0
C27	4	1	12	0	0	0	1	0	0	0	0	2	0	0	0	0	3	0	12	0	0	1
C28	7	0	14	0	0	0	1	0	0	0	0	1	0	0	0	0	4	0	12	0	0	0
C29	1	0	8	0	0	0	0	0	0	0	0	0	0	0	0	0	1	0	12	0	0	0
C30	6	0	7	0	0	0	0	0	0	0	0	2	0	0	0	0	0	0	17	0	0	0
C31	1	0	7	0	0	0	0	0	0	0	0	2	0	0	0	0	0	0	6	0	0	0
C32	0	0	14	0	0	0	0	0	0	0	0	2	0	0	0	0	3	0	10	0	0	0
C33	7	0	9	0	0	1	0	0	0	0	0	1	0	0	0	0	4	0	16	0	0	0
C34	1	0	8	0	0	0	0	0	0	0	0	1	0	0	0	0	3	0	8	0	0	2
C35	8	1	16	0	0	0	0	0	0	0	0	1	0	0	0	0	6	0	22	0	0	2
C36	12	1	13	0	0	1	0	0	0	0	0	0	0	0	0	0	9	0	32	0	0	0
C37	25	0	7	0	0	4	0	0	0	0	0	0	0	0	0	0	6	0	40	0	2	2
C38	3	0	3	0	0	0	0	0	0	0	0	1	0	0	0	0	4	0	20	0	0	1
C39	16	0	12	0	0	0	0	0	0	0	0	0	0	0	0	0	5	0	6	0	0	0
C40	11	0	11	0	0	0	0	0	0	0	0	2	0	0	0	0	2	0	13	0	0	0
D01	1	0	7	0	0	0	0	0	0	0	0	1	35	0	0	0	2	0	13	0	0	0
D02	16	0	4	0	0	0	0	0	0	0	0	0	7	0	0	0	1	0	30	0	0	0
D03	10	0	6	0	0	0	0	0	0	0	0	0	0	0	0	0	0	0	22	0	0	2
D04	0	0	0	0	0	0	0	0	0	0	0	0	0	0	0	0	2	0	16	0	0	0
D05	11	0	1	0	0	0	0	0	0	0	0	0	0	0	0	0	0	0	23	0	0	0
D06	22	0	6	0	0	0	0	0	0	0	0	0	0	0	0	0	1	0	25	0	0	0
D07	23	0	15	0	0	0	0	0	0	0	0	0	0	0	0	0	2	0	10	0	0	2
D08	11	0	36	0	0	0	1	0	0	0	0	1	0	0	0	0	1	0	6	0	0	1
D09	6	0	61	0	0	0	0	0	0	0	0	0	0	0	0	0	5	0	2	0	0	1
D10	5	0	7	0	0	0	0	0	0	0	0	1	0	0	0	0	4	0	19	0	0	0
D11	12	0	6	0	0	0	0	0	0	0	0	0	0	0	0	0	4	0	18	0	0	2
D12	11	0	4	0	0	0	0	0	0	0	0	0	0	0	0	0	2	1	28	0	0	3
D13	4	0	1	0	0	0	0	0	0	0	0	1	0	0	0	0	3	0	13	0	0	2
D14	3	0	0	0	0	0	3	0	0	0	0	2	0	0	0	0	0	0	22	0	0	0
D15	4	0	6	0	0	0	2	0	0	0	0	0	0	0	0	0	0	0	24	0	0	4
D16	1	0	7	0	0	0	0	0	0	0	0	0	0	0	0	0	4	0	21	0	0	1
D17	0	0	1	0	0	0	0	0	0	0	0	0	0	0	0	0	1	0	16	0	0	1
D18	0	0	6	0	0	0	0	0	0	0	0	0	0	0	0	0	0	0	22	0	0	0
D19	2	0	0	0	0	0	0	0	0	0	0	0	0	0	0	0	1	0	16	0	0	2
D20	2	0	14	0	0	0	1	0	0	0	0	1	0	0	0	0	3	0	14	0	0	1
D21	2	0	4	0	0	0	0	0	0	0	0	0	0	0	0	0	0	0	14	0	0	0
D22	1	0	14	0	0	0	0	0	0	0	0	0	0	0	0	0	1	0	14	0	0	0
D23	11	0	7	0	0	0	1	0	0	0	0	2	0	0	0	0	1	0	52	0	0	4
D24	2	0	19	0	0	0	0	0	0	0	0	0	0	0	0	0	0	0	15	0	0	4
D25	5	0	18	0	0	2	0	0	0	0	0	1	0	0	0	0	2	0	18	0	0	5
D26	2	0	11	0	0	0	0	0	0	0	0	0	0	0	0	0	8	0	11	0	0	0
D27	6	1	16	0	0	0	0	0	0	0	0	3	0	0	0	0	3	0	20	0	0	0
D28	0	0	6	0	0	0	0	0	0	0	0	2	0	0	0	0	0	0	14	0	0	0
D29	0	0	9	0	0	0	0	0	0	0	0	1	0	0	0	0	2	0	8	0	0	0
D30	1	0	14	0	0	0	0	0	0	0	0	3	0	0	0	0	2	0	13	0	0	1
D31	19	0	19	0	0	1	0	0	0	0	0	0	0	0	0	0	4	0	15	0	0	0
D32	8	0	15	0	0	0	0	1	0	0	0	0	0	0	0	0	1	0	14	0	0	1
D33	15	0	12	0	0	2	0	0	0	0	0	1	0	0	0	0	4	0	8	0	0	0
D34	22	1	4	0	0	0	0	0	0	0	0	0	0	0	0	0	3	0	20	0	0	0
D35	14	0	15	0	0	3	1	0	0	0	0	0	0	0	0	0	5	0	16	0	0	2
D36	6	0	12	0	0	0	0	0	0	0	0	0	0	0	0	0	6	0	11	0	0	1
D37	6	0	8	0	0	0	0	0	0	0	0	0	0	0	0	0	4	0	9	0	0	6
D38	18	0	1	0	0	0	0	0	0	0	0	0	0	0	0	0	1	0	15	0	0	4
D39	18	0	11	0	0	0	0	0	0	0	0	2	0	0	0	0	5	0	10	0	0	0
D40	21	1	14	0	0	0	0	0	0	0	0	1	0	0	0	0	0	0	8	0	0	1
E01	5	0	16	0	0	0	0	0	0	0	0	0	29	0	0	0	2	0	11	0	0	1
E02	8	0	16	0	0	0	0	0	0	0	0	0	2	0	0	0	3	0	7	0	0	0
E03	12	0	24	0	0	1	0	0	0	0	0	0	0	0	0	0	2	0	13	0	1	4
E04	2	0	22	0	0	0	0	0	0	0	0	0	0	0	0	0	2	0	8	0	0	0
E05	11	0	13	0	0	0	0	0	0	0	0	0	0	0	0	0	2	0	12	0	0	0
E06	9	0	21	0	0	0	0	0	0	0	0	0	0	0	0	0	0	0	21	0	0	0
E07	12	0	37	0	0	0	0	0	0	0	0	0	0	0	0	0	2	0	8	0	0	3
E08	7	0	32	0	0	0	0	0	0	0	0	0	0	0	0	0	2	0	13	0	0	0
E09	10	0	23	0	0	0	1	0	0	0	0	1	0	0	0	0	2	0	16	0	0	0
E10	8	0	18	0	0	3	1	0	0	0	0	0	0	0	0	0	3	0	19	0	0	2
E11	17	0	9	0	0	0	1	0	0	0	0	0	0	0	0	0	6	0	22	0	0	0
E12	11	0	8	0	0	0	0	0	0	0	0	1	0	0	0	0	5	0	24	0	0	0
E13	12	0	6	0	0	0	1	0	0	0	0	1	0	0	0	0	7	0	27	0	0	1
E14	1	0	4	0	0	0	0	0	0	0	0	0	0	0	0	0	14	0	11	0	0	0
E15	2	0	1	0	0	0	0	0	0	0	0	0	0	0	0	0	1	3	11	0	0	0
E16	1	0	0	0	0	0	0	0	0	0	0	1	0	0	0	0	2	0	16	0	0	0
E17	2	0	6	0	0	0	0	0	0	0	0	1	0	0	0	0	1	0	19	0	0	0
E18	0	0	7	0	0	0	0	0	0	0	0	0	0	0	0	0	2	0	14	0	0	0
E19	1	0	6	0	0	0	0	0	0	0	0	0	0	0	0	0	2	0	17	0	0	0
E20	1	0	12	0	0	0	1	0	0	0	0	0	0	0	0	0	5	0	13	0	0	3
E21	0	0	12	0	0	0	1	0	0	0	0	0	0	0	0	0	2	0	11	0	0	1
E22	1	0	12	0	0	0	1	0	0	0	0	0	0	0	0	0	3	0	17	0	0	1
E23	4	0	12	0	0	0	0	0	0	0	0	0	0	0	0	0	0	0	26	0	0	0
E24	2	0	2	0	0	0	0	0	0	0	0	0	0	0	0	0	0	0	8	0	0	2
E25	2	0	6	0	0	0	0	0	0	0	0	1	0	0	0	0	3	0	6	0	0	1
E26	1	0	12	0	0	0	0	0	0	0	0	2	0	0	0	0	3	0	5	0	0	0
E27	12	0	12	0	0	0	1	0	0	0	0	1	0	0	0	0	3	0	16	0	0	4
E28	3	0	9	0	0	0	0	0	0	0	0	2	0	0	0	0	0	0	9	0	0	0
E29	0	0	6	0	0	0	0	0	0	0	0	5	0	0	0	0	0	0	6	0	0	0
E30	1	0	14	0	0	1	0	0	0	0	0	2	0	0	0	0	0	0	10	0	0	0
E31	9	1	20	0	0	2	2	0	0	0	0	0	0	0	0	0	6	0	11	0	0	19
E32	5	0	14	0	0	0	1	0	0	0	0	1	0	0	0	0	3	0	14	0	0	1
E33	5	0	7	0	0	0	1	0	0	0	0	0	0	0	0	0	3	0	31	0	0	11
E34	2	1	11	0	0	2	0	0	0	0	0	2	7	0	0	0	3	1	38	0	0	9
E35	1	0	13	0	0	0	0	0	0	0	0	0	0	0	0	0	3	0	12	0	0	2
E36	2	0	5	0	0	0	0	0	0	0	0	0	0	0	0	0	1	0	22	0	0	7
E37	5	0	3	0	0	0	2	0	0	0	0	1	0	0	0	0	1	0	10	0	0	2
E38	34	0	5	0	0	0	0	0	0	0	0	1	0	0	0	0	4	0	23	0	0	1
E39	32	0	7	0	0	0	0	0	0	0	0	2	0	0	0	0	2	1	24	0	0	1
E40	27	0	3	0	0	0	1	0	0	0	0	4	0	0	0	0	2	2	15	0	0	2
F01	2	0	15	0	0	0	0	0	0	0	0	0	0	0	0	0	5	0	5	0	0	0
F02	0	0	30	0	0	0	0	0	0	0	0	2	0	0	0	0	4	0	11	0	0	0
F03	3	0	36	0	0	0	0	0	0	0	0	6	0	0	0	0	1	0	5	0	0	0
F04	18	0	51	0	0	0	0	0	0	0	0	2	0	0	0	0	6	0	8	0	0	0
F05	19	0	45	0	0	1	0	1	0	0	0	0	0	0	0	0	3	0	13	0	0	1
F06	7	0	56	0	0	0	0	0	0	0	0	0	0	0	0	0	2	0	15	0	0	0
F07	7	0	47	0	0	5	0	0	0	0	0	1	0	0	0	0	4	0	7	0	0	2
F08	46	1	43	0	0	1	0	0	0	0	0	1	0	0	0	0	7	0	3	0	0	0
F09	18	0	24	0	0	0	0	0	0	0	0	3	0	0	0	0	4	0	8	0	0	2
F10	11	0	8	0	0	0	0	0	0	0	0	1	0	0	0	0	5	0	10	0	0	2
F11	18	2	5	0	0	0	0	0	0	0	0	0	0	0	0	0	10	0	27	0	0	7
F12	17	0	0	0	0	0	2	0	0	0	0	1	0	0	0	0	10	0	54	0	0	8
F13	10	0	11	0	0	0	2	0	2	0	1	0	0	0	0	0	6	0	16	0	0	0
F14	3	0	3	0	0	0	3	0	0	0	0	0	1	0	0	0	5	0	20	0	0	0
F15	2	0	24	0	0	0	0	0	0	0	0	0	0	0	0	0	0	0	28	0	0	2
F16	0	0	35	0	0	0	0	0	0	0	0	0	0	0	0	0	1	0	24	0	0	0
F17	1	0	14	0	0	0	2	0	0	0	0	0	0	0	0	0	10	0	18	0	2	0
F18	3	0	7	0	0	0	3	0	0	0	0	2	0	0	0	0	11	0	29	0	0	4
F19	9	0	5	0	0	4	0	0	0	0	0	0	0	0	0	0	4	0	33	0	0	6
F20	1	0	5	0	0	0	0	0	0	0	0	0	0	0	0	0	0	0	22	0	0	0
F21	1	0	7	0	0	0	0	0	0	0	0	0	0	0	0	0	1	0	24	0	0	3
F22	2	0	2	0	0	0	0	0	0	0	0	0	0	0	0	0	6	0	14	0	0	1
F23	8	0	4	0	0	0	0	0	0	0	0	0	0	0	0	0	3	0	12	0	0	0
F24	1	0	7	0	0	0	0	0	0	0	0	3	0	0	0	0	0	0	16	0	0	0
F25	1	0	2	0	0	0	0	0	0	0	0	0	0	0	0	0	4	0	13	0	0	3
F26	6	0	14	0	0	0	1	0	0	0	0	3	0	0	0	0	10	0	8	0	0	0
F27	4	0	4	0	0	0	0	0	0	0	0	0	0	0	0	0	2	0	21	0	0	1
F28	4	0	10	0	0	0	0	0	0	0	0	3	0	0	0	0	1	0	13	0	0	0
F29	6	0	16	0	0	0	0	0	0	0	0	4	0	0	0	0	0	0	13	0	0	0
F30	7	0	8	0	0	0	0	0	0	0	0	1	0	0	0	0	1	0	8	0	0	0
F31	3	0	12	0	0	0	2	0	0	0	0	0	0	0	0	0	1	0	8	0	0	1
F32	0	0	6	0	0	0	0	0	0	0	0	0	0	0	0	0	1	1	20	0	0	2
F33	2	0	10	0	0	0	1	0	0	0	0	0	0	0	0	0	2	0	42	0	0	1
F34	2	0	12	0	0	0	2	0	0	0	0	2	0	0	0	0	1	0	24	0	0	2
F35	1	0	5	0	0	0	1	0	0	0	0	1	0	0	0	0	3	0	11	0	1	2
F36	0	0	6	0	0	0	0	0	0	0	0	1	0	0	0	0	0	0	15	0	0	2
F37	3	1	4	0	0	0	0	0	0	0	0	0	0	0	0	0	2	0	12	0	0	0
F38	16	0	6	0	0	0	0	0	0	0	0	1	0	0	0	0	7	0	9	0	0	0
F39	1	0	5	0	0	0	1	0	0	0	0	0	0	0	0	0	4	0	11	0	0	1
F40	15	0	5	0	0	0	0	0	0	0	0	1	0	0	0	0	8	0	19	0	0	5
G01	11	0	18	0	0	0	0	0	0	0	0	0	0	0	0	0	5	1	27	0	0	1
G02	17	0	16	0	0	0	0	0	0	0	0	2	0	0	0	0	3	0	9	0	0	0
G03	15	0	26	0	0	0	0	0	0	0	0	1	0	0	0	0	0	0	13	0	0	1
G04	9	0	10	0	0	0	0	0	0	0	0	0	0	0	0	0	1	0	24	0	0	1
G05	14	0	5	0	0	0	1	0	4	0	0	0	0	0	0	0	1	1	22	0	0	0
G06	9	0	18	0	0	0	5	0	0	0	0	0	0	0	0	0	1	0	45	0	0	3
G07	23	0	22	0	0	0	1	1	0	0	0	2	0	0	0	0	2	0	42	0	0	0
G08	47	1	18	0	0	0	0	0	0	0	0	1	0	0	0	0	7	0	13	0	0	0
G09	43	0	10	0	0	2	1	0	0	0	0	2	0	0	0	0	4	0	6	0	0	0
G10	14	0	3	0	0	0	0	0	0	0	0	0	0	0	0	0	5	0	14	0	0	1
G11	13	0	3	0	0	0	0	0	0	0	0	2	0	0	0	0	6	0	15	0	0	2
G12	8	0	2	0	0	0	0	0	0	0	0	0	0	0	0	0	7	0	24	0	0	1
G13	6	0	7	0	0	0	0	0	0	0	0	0	0	0	0	0	10	0	7	0	0	6
G14	0	0	6	0	0	0	0	0	0	0	0	1	0	0	0	0	1	0	14	0	0	0
G15	6	0	22	0	0	0	1	0	0	0	0	0	0	0	0	0	2	0	13	0	0	2
G16	16	0	26	0	0	4	0	0	0	0	0	0	0	0	0	0	7	0	5	0	0	0
G17	2	0	9	0	0	0	0	0	0	0	0	0	0	0	0	0	2	0	10	0	0	0
G18	0	0	12	0	0	0	0	0	0	0	0	1	0	0	0	0	5	0	10	0	0	0
G19	17	0	30	0	0	0	0	0	0	0	0	0	0	0	0	0	2	0	9	0	0	2
G20	1	0	3	0	0	0	0	0	0	0	0	0	0	0	0	0	2	0	24	0	0	0
G21	0	0	0	0	0	0	3	0	0	0	0	1	0	0	0	0	3	0	23	0	0	2
G22	2	0	3	0	0	0	1	0	1	0	0	0	0	0	0	0	0	0	14	0	0	2
G23	5	0	5	0	0	0	0	0	0	0	0	0	0	0	0	0	4	0	13	0	0	1
G24	0	0	5	0	0	0	1	0	0	0	0	0	0	0	0	0	1	0	13	0	0	0
G25	1	0	9	0	0	0	1	0	0	0	0	1	0	0	0	0	6	0	11	0	0	0
G26	9	0	3	0	0	0	0	0	0	0	0	1	0	0	0	0	6	0	14	0	0	0
G27	10	0	9	0	0	0	1	0	0	0	0	4	0	0	0	0	8	0	10	0	0	0
G28	12	0	9	0	0	0	0	0	0	0	0	5	0	0	0	0	2	0	10	0	0	0
G29	6	0	11	0	0	0	0	0	0	0	0	1	0	0	0	0	2	0	16	0	0	0
G30	7	1	9	0	0	0	0	0	0	0	0	2	0	0	0	0	2	1	16	0	0	0
G31	2	0	20	0	0	1	0	0	0	0	0	1	0	0	0	0	2	0	15	0	3	1
G32	5	0	3	0	0	0	0	0	0	0	0	0	0	0	0	0	2	1	25	0	6	3
G33	3	0	1	0	0	0	0	0	0	0	0	0	0	0	0	0	1	5	24	0	0	1
G34	3	0	6	0	0	0	0	0	0	0	0	1	0	0	0	0	4	1	21	0	0	3
G35	10	0	10	0	0	0	0	0	0	0	0	1	0	0	0	0	2	0	23	0	0	2
G36	5	0	7	0	0	0	0	0	0	0	0	0	0	0	0	0	0	0	12	0	0	3
G37	2	0	5	0	0	0	0	0	0	0	0	0	0	0	0	0	0	0	18	0	0	10
G38	2	0	5	0	0	0	0	0	0	0	1	2	0	0	0	0	5	0	8	0	3	1
G39	3	0	1	0	0	0	1	0	0	0	0	0	0	0	0	0	6	0	19	0	0	10
G40	3	0	5	0	0	0	0	0	0	0	0	1	0	0	0	0	8	0	21	0	0	7
H01	15	0	10	0	0	0	1	0	0	0	0	1	0	0	0	0	6	0	12	0	0	2
H02	15	0	12	0	0	0	0	0	0	0	0	0	0	0	0	0	2	0	26	0	0	0
H03	35	1	9	0	0	0	0	0	0	0	0	0	0	0	0	0	4	0	15	0	0	1
H04	5	0	4	0	0	0	0	0	0	0	0	0	0	0	0	0	4	0	18	0	0	0
H05	7	0	14	0	0	0	2	0	0	0	0	0	0	0	0	0	1	0	11	0	0	1
H06	37	0	18	0	0	0	3	0	0	0	0	0	0	0	0	0	2	0	16	0	0	2
H07	11	0	17	0	0	0	0	0	0	0	0	0	0	0	0	0	4	0	28	0	0	2
H08	22	0	22	0	0	0	0	0	0	0	0	3	0	0	0	0	4	0	10	0	0	0
H09	34	1	7	0	0	0	0	0	0	0	0	0	0	0	0	0	7	0	19	0	0	0
H10	18	0	2	0	0	0	0	0	0	0	0	0	0	0	0	0	6	0	14	0	0	0
H11	10	0	7	0	0	0	0	0	0	0	0	0	0	0	0	0	10	0	28	0	0	0
H12	4	0	6	0	0	2	0	0	0	0	0	1	0	0	0	0	14	0	37	0	0	1
H13	14	0	11	0	0	8	0	0	0	0	0	3	0	0	0	0	19	0	9	0	0	5
H14	1	0	5	0	0	0	0	0	0	0	0	2	0	0	0	0	2	0	27	0	0	0
H15	2	0	23	0	0	0	0	0	0	0	0	1	0	0	0	0	3	0	7	0	0	11
H16	25	0	19	0	0	5	2	0	0	0	0	0	0	0	0	0	5	0	12	0	0	1
H17	3	0	4	0	0	0	0	0	0	0	0	0	0	0	0	0	5	0	16	0	0	0
H18	1	0	9	0	0	0	0	0	0	0	0	2	0	0	0	0	5	0	11	0	0	2
H19	2	0	17	0	0	3	2	0	0	0	0	2	0	0	0	0	1	0	12	0	0	0
H20	0	0	17	0	0	0	0	0	0	0	0	1	0	0	0	0	3	0	17	0	0	0
H21	5	0	4	0	0	0	1	0	0	0	0	0	0	0	0	0	5	0	19	0	0	8
H22	1	0	6	0	0	0	1	0	0	0	0	0	0	0	0	0	0	1	20	0	0	1
H23	1	0	8	0	0	0	0	0	0	0	0	0	0	0	0	0	0	1	23	0	0	1
H24	6	0	3	0	0	0	0	0	0	0	0	0	0	0	0	0	2	0	20	0	0	2
H25	16	0	7	0	0	1	0	0	0	0	0	1	0	0	0	0	5	0	12	0	0	0
H26	17	0	4	0	0	0	2	0	0	0	0	2	0	0	0	0	1	1	7	0	0	0
H27	17	0	8	0	0	0	0	0	0	0	0	0	0	0	0	0	2	0	6	0	0	3
H28	7	0	3	0	0	0	0	0	0	0	0	2	0	0	0	0	5	0	6	0	0	0
H29	9	0	5	0	0	0	0	0	0	0	0	3	0	0	0	0	6	0	10	0	0	0
H30	2	0	3	0	0	0	1	0	0	0	0	0	0	0	0	0	1	4	9	0	0	0
H31	3	0	7	0	0	0	1	0	0	0	0	1	0	0	0	0	1	1	15	0	0	1
H32	12	0	0	0	0	0	0	0	0	0	0	1	0	0	0	0	0	3	17	0	0	1
H33	9	0	2	0	0	0	0	0	0	0	0	0	0	0	0	0	0	2	21	0	0	0
H34	28	0	12	0	0	0	0	0	0	0	0	3	0	0	0	0	3	0	19	0	0	1
H35	21	0	20	0	0	0	0	0	0	0	0	3	0	0	0	0	2	0	8	0	0	6
H36	3	0	7	0	0	0	1	0	0	0	0	0	0	0	0	0	2	0	10	0	0	5
H37	6	0	4	0	0	0	0	0	0	0	0	0	0	0	0	0	3	3	16	0	4	23
H38	0	0	4	0	0	0	0	0	0	0	0	3	0	0	0	0	5	0	18	0	0	2
H39	2	0	4	0	0	0	0	0	0	0	0	0	0	0	0	0	3	0	24	0	0	2
H40	0	0	2	0	0	0	0	0	0	0	0	1	0	0	0	0	1	2	15	0	0	2
I01	17	0	16	0	0	0	0	0	0	0	0	1	0	0	0	0	3	0	13	0	0	0
I02	12	0	8	0	1	0	0	0	0	0	0	0	0	0	0	0	5	0	24	0	0	0
I03	26	0	12	0	0	3	2	0	0	0	1	0	0	0	0	0	4	0	32	0	0	0
I04	20	0	4	0	0	0	1	0	0	0	0	0	0	0	0	0	2	0	15	0	0	0
I05	26	0	13	0	0	0	0	0	0	0	0	1	0	0	0	0	2	0	28	0	0	5
I06	58	0	15	0	0	0	0	0	0	0	0	1	0	0	0	0	4	0	31	0	0	0
I07	23	0	14	0	0	0	0	0	0	0	0	0	0	0	0	0	0	0	19	0	0	0
I08	24	0	14	0	0	0	1	0	0	0	0	0	0	0	0	0	4	0	14	0	0	5
I09	12	1	6	0	0	1	0	0	0	0	0	1	0	0	0	0	6	0	10	0	0	1
I10	4	0	5	0	0	0	0	0	0	0	0	0	0	0	0	0	7	0	16	0	0	0
I11	21	0	14	0	0	1	0	0	0	0	0	0	0	0	0	0	5	0	13	0	0	0
I12	4	0	17	0	0	0	0	0	0	0	0	1	0	0	0	0	9	0	11	0	0	4
I13	21	0	8	0	0	0	0	0	0	0	0	2	0	0	0	0	4	1	36	0	0	0
I14	13	0	3	0	0	0	0	0	0	0	0	1	0	0	0	0	0	0	17	0	0	0
I15	3	0	8	0	0	3	0	0	0	0	0	1	0	0	0	0	2	0	15	0	0	0
I16	23	0	18	0	0	0	0	0	0	0	0	0	0	0	0	0	6	0	13	0	0	0
I17	14	0	12	0	0	1	3	0	0	0	0	0	0	0	0	0	5	0	12	0	0	0
I18	0	0	18	0	0	9	1	0	0	0	0	1	0	0	0	0	6	0	8	0	0	0
I19	9	0	15	0	0	2	0	0	0	0	0	0	0	0	0	0	2	0	21	0	0	0
I20	5	0	2	0	0	0	0	0	0	0	0	0	0	0	0	0	3	0	19	0	0	0
I21	0	0	1	0	0	0	0	0	0	0	0	0	0	0	0	0	2	0	35	0	0	1
I22	1	0	9	0	0	0	1	0	0	0	0	0	0	0	0	0	0	0	23	0	0	3
I23	1	0	19	0	0	0	1	0	0	0	0	0	0	0	0	0	2	1	25	0	0	9
I24	3	0	11	0	0	0	0	0	0	0	0	3	0	0	0	0	0	0	18	0	0	1
I25	30	0	31	0	0	3	1	0	0	0	0	2	0	0	0	0	3	0	14	0	0	0
I26	10	0	3	0	0	1	1	0	0	0	0	0	0	0	0	0	5	0	10	0	0	0
I27	13	0	7	0	0	0	0	0	0	0	0	4	0	0	0	0	0	0	8	0	0	0
I28	2	0	3	0	0	0	0	0	0	0	0	1	0	0	0	0	3	0	11	0	0	0
I29	9	0	13	0	0	0	0	0	0	0	0	5	0	0	0	0	9	0	6	0	0	0
I30	2	0	10	0	0	0	0	0	0	0	0	4	0	0	0	0	2	0	12	0	0	0
I31	12	0	14	0	0	2	2	0	0	0	0	4	0	0	0	0	3	1	25	0	0	7
I32	18	0	2	0	0	0	1	0	0	0	0	0	0	0	0	0	5	0	34	0	0	10
I33	17	0	6	0	0	0	2	0	0	0	0	1	0	0	0	0	3	1	12	0	1	1
I34	11	0	12	0	0	0	0	0	0	0	0	0	0	0	0	0	0	0	13	0	0	1
I35	11	0	15	0	0	0	0	0	0	0	0	1	0	0	0	0	2	0	13	0	0	1
I36	6	0	7	0	0	0	1	0	0	0	0	1	0	0	0	0	6	2	10	0	0	2
I37	4	0	8	0	0	0	0	0	0	0	0	1	0	0	0	0	8	0	12	0	0	1
I38	4	0	2	0	0	0	0	0	0	0	0	0	0	0	0	0	3	0	11	0	0	0
I39	9	0	2	0	0	0	0	0	0	0	0	0	0	0	0	0	5	0	13	0	0	0
I40	0	0	0	0	0	0	0	0	0	0	0	0	0	0	0	0	0	2	7	0	0	0
J01	8	0	6	0	0	0	0	0	0	0	0	0	0	0	0	0	4	2	22	0	0	0
J02	13	0	5	0	0	0	0	0	0	0	0	1	0	0	0	0	1	0	19	0	0	0
J03	10	0	17	0	0	0	0	0	0	0	0	0	0	0	0	0	1	0	24	0	0	0
J04	22	0	3	0	0	0	1	0	0	0	0	0	0	0	0	0	8	0	19	0	0	3
J05	6	0	3	0	0	0	1	0	0	0	0	0	0	0	0	0	3	0	32	0	0	0
J06	7	0	29	0	0	0	0	0	0	0	0	0	0	0	0	0	4	0	21	0	0	4
J07	29	0	9	0	0	0	0	0	0	0	0	0	0	0	0	0	5	0	17	0	0	0
J08	31	0	10	0	0	0	0	0	0	0	0	0	0	0	0	0	2	0	4	0	0	1
J09	18	0	26	0	0	1	0	0	0	0	0	0	0	0	0	0	7	0	12	0	0	2
J10	1	0	11	0	0	1	0	0	0	0	0	4	0	0	0	0	3	0	12	0	0	0
J11	1	0	16	0	0	12	0	0	0	0	0	7	0	0	0	0	5	0	24	0	0	6
J12	11	0	15	0	0	5	0	0	0	0	0	5	0	0	0	0	1	0	14	0	0	1
J13	3	0	8	0	0	0	0	0	0	0	0	2	0	0	0	0	1	0	17	0	0	0
J14	13	0	8	0	0	1	0	0	0	0	0	3	0	0	0	0	5	0	7	0	0	0
J15	17	1	21	0	0	13	1	0	0	0	0	2	0	0	0	0	7	0	19	0	0	3
J16	13	0	32	0	0	7	4	0	0	0	0	1	0	0	0	0	3	0	15	0	0	0
J17	8	2	37	0	0	1	0	0	0	0	0	0	0	0	0	0	2	0	9	0	0	0
J18	1	0	8	0	0	0	0	0	0	0	0	2	0	0	0	0	3	0	18	0	0	0
J19	3	0	2	0	0	0	0	0	0	0	0	0	0	0	0	0	6	0	10	0	0	3
J20	3	0	2	0	0	0	0	0	0	0	0	0	0	0	0	0	2	0	20	0	0	0
J21	2	0	6	0	0	2	0	0	0	0	0	0	0	0	0	0	2	0	24	0	0	1
J22	1	1	5	0	0	0	1	0	0	0	0	0	0	0	0	0	5	0	13	0	0	0
J23	1	0	7	0	0	0	0	0	0	0	0	1	0	0	0	0	4	0	12	0	0	3
J24	10	0	4	0	0	0	0	0	0	0	0	0	0	0	0	0	5	0	12	0	0	1
J25	28	0	7	0	0	0	0	0	0	0	0	2	0	0	0	0	1	1	8	0	0	1
J26	3	0	3	0	0	0	0	0	0	0	0	2	0	0	0	0	1	0	7	0	0	0
J27	2	0	3	0	0	0	0	0	0	0	0	1	0	0	0	0	4	1	6	0	0	2
J28	3	0	7	0	0	0	0	0	0	0	0	2	0	0	0	0	7	0	5	0	0	0
J29	2	0	4	0	0	0	0	0	0	0	0	4	0	0	0	0	9	0	23	0	0	0
J30	1	0	6	0	0	1	0	0	0	0	0	1	0	0	0	0	3	0	7	0	0	0
J31	10	0	10	0	0	0	1	0	0	0	0	2	0	0	0	0	7	0	7	0	0	1
J32	12	0	13	0	0	0	1	0	0	0	0	0	0	0	0	0	6	0	4	0	0	11
J33	29	1	16	0	0	0	0	0	0	0	0	2	0	0	0	0	3	1	25	0	0	1
J34	2	1	4	0	0	0	0	0	0	0	0	0	0	0	0	0	3	2	24	0	0	1
J35	5	0	8	0	0	0	2	0	0	0	0	0	0	0	0	0	2	1	20	0	8	37
J36	1	0	16	0	0	0	0	0	0	0	0	2	0	0	0	0	4	3	7	0	1	4
J37	0	1	6	0	0	0	0	0	0	0	0	2	0	0	0	0	4	1	15	0	0	7
J38	15	0	0	0	0	0	2	0	0	0	0	1	0	0	0	0	4	3	15	0	2	7
J39	28	0	11	0	0	0	0	0	0	0	0	4	0	0	0	0	3	1	11	0	1	8
J40	12	0	6	0	0	0	0	0	0	0	0	0	0	0	0	0	7	0	15	0	0	1
K01	10	1	2	0	0	0	0	0	0	0	0	2	0	0	0	0	0	0	15	0	0	0
K02	20	0	5	0	0	0	0	0	0	0	0	0	0	0	0	0	3	0	21	0	0	2
K03	21	0	11	0	0	0	0	0	0	0	0	0	0	0	0	0	7	0	23	0	0	4
K04	28	0	23	0	0	0	0	0	0	0	0	1	0	0	0	0	6	0	27	0	0	2
K05	14	0	13	0	0	0	2	0	0	0	0	0	0	0	0	0	6	0	26	0	0	1
K06	8	0	18	0	0	0	0	1	0	0	0	0	0	0	0	0	4	0	25	0	0	0
K07	7	0	30	0	1	0	0	2	0	0	0	1	0	0	0	0	2	0	8	0	0	0
K08	11	0	30	0	0	5	1	6	0	0	0	0	0	0	0	0	0	0	4	0	0	10
K09	11	1	3	0	0	0	1	0	0	0	0	1	0	0	0	0	2	0	10	0	0	0
K10	1	0	9	0	0	0	0	0	0	0	0	1	0	0	0	0	4	0	14	0	0	0
K11	1	0	24	0	0	11	0	0	0	0	0	5	0	0	0	0	0	0	6	0	0	1
K12	4	0	12	0	0	1	0	0	0	0	0	2	0	0	0	0	3	0	15	0	0	0
K13	4	0	27	0	0	0	0	0	0	0	0	2	0	0	0	0	3	0	9	0	0	1
K14	2	0	22	0	0	3	0	0	0	0	0	3	0	0	0	0	4	0	5	0	0	0
K15	9	0	11	0	0	1	1	0	0	0	0	0	0	0	0	0	5	0	23	0	0	1
K16	23	1	21	0	0	0	2	0	0	0	0	1	0	0	0	0	5	0	6	0	0	1
K17	5	0	2	0	0	3	0	0	0	0	0	0	0	0	0	0	2	0	13	0	0	0
K18	5	0	10	0	0	0	0	0	0	0	0	0	0	0	0	0	3	0	18	0	0	1
K19	4	0	3	0	0	0	0	0	0	0	0	1	0	0	0	0	5	0	18	0	0	0
K20	0	0	8	0	0	0	0	0	0	0	0	0	0	0	0	0	4	0	19	0	0	2
K21	1	0	6	0	0	0	1	0	0	0	0	0	0	0	0	0	6	0	7	0	0	4
K22	1	0	15	0	0	1	0	0	0	0	0	0	0	0	0	0	3	0	11	0	0	5
K23	1	0	15	0	0	3	0	0	0	0	0	0	0	0	0	0	5	0	15	0	0	2
K24	4	0	11	0	0	0	0	0	0	0	0	3	6	0	0	0	4	0	12	0	0	1
K25	10	1	5	0	0	0	0	0	0	0	0	2	0	0	0	0	5	0	9	0	0	1
K26	14	0	7	0	0	0	0	0	0	0	0	3	0	0	0	0	2	1	13	0	0	7
K27	3	0	9	0	0	0	0	0	0	0	0	2	0	0	0	0	6	0	14	0	0	5
K28	0	0	4	0	0	0	0	0	0	0	1	5	0	0	0	0	6	0	10	0	0	0
K29	1	0	5	0	0	0	1	0	0	0	0	4	0	0	0	0	12	0	4	0	0	0
K30	0	0	21	0	0	0	0	0	0	0	0	2	0	0	0	0	4	0	8	0	1	1
K31	6	0	5	0	0	0	0	0	0	0	0	2	0	0	0	0	6	0	11	0	0	0
K32	3	1	10	0	0	1	0	0	0	0	0	2	0	0	0	0	3	0	26	0	0	0
K33	13	0	10	0	0	0	1	0	0	0	0	1	0	0	0	0	4	0	11	0	0	0
K34	3	0	8	0	0	0	2	0	0	0	0	0	0	0	0	0	6	0	19	0	0	8
K35	1	0	8	0	0	1	0	0	0	0	0	1	0	0	0	0	3	1	24	0	6	5
K36	0	0	3	0	0	0	0	0	0	0	0	1	0	0	0	0	3	0	16	0	0	4
K37	1	0	10	0	0	0	0	0	0	0	0	2	0	0	0	0	5	0	12	0	0	6
K38	6	0	6	0	0	0	0	0	0	0	0	2	0	0	0	0	3	0	9	0	0	2
K39	16	0	7	0	0	0	0	0	0	0	0	1	0	0	0	0	1	1	11	0	0	0
K40	30	0	6	0	0	0	0	0	0	0	0	3	0	0	0	0	2	0	5	0	0	3
L01	13	0	17	0	0	0	0	0	0	0	0	2	0	0	0	0	2	0	4	0	0	0
L02	29	0	27	0	0	1	1	0	0	0	0	0	0	0	0	0	1	0	29	0	0	0
L03	19	0	20	0	0	2	0	0	0	0	0	0	0	0	0	0	0	0	27	0	0	0
L04	5	0	32	0	0	0	0	0	0	0	0	1	0	0	0	0	0	0	9	0	0	1
L05	17	0	18	0	0	0	0	2	0	0	0	0	0	0	0	0	2	0	15	0	0	5
L06	7	0	13	0	0	0	1	0	0	0	0	0	0	0	0	0	3	0	15	0	0	1
L07	4	0	23	0	1	0	0	0	0	0	0	1	0	0	0	0	0	0	18	0	0	1
L08	1	0	41	0	0	30	0	0	0	0	0	2	0	0	0	0	2	0	3	0	0	8
L09	1	0	12	0	0	1	2	0	0	0	0	0	0	0	0	0	0	0	12	0	0	0
L10	2	0	15	0	0	2	0	0	0	0	0	1	0	0	0	0	4	0	12	0	0	0
L11	6	0	20	1	0	1	0	0	0	0	0	0	0	0	0	0	1	0	17	0	0	0
L12	3	0	37	0	0	4	0	0	0	0	0	4	0	0	0	0	1	0	6	0	0	0
L13	5	0	24	0	0	11	0	0	0	0	0	0	0	0	0	0	6	0	6	0	0	0
L14	7	0	19	0	0	6	0	0	0	0	0	1	0	0	0	0	2	0	17	0	0	1
L15	4	0	19	0	0	0	0	0	0	0	2	0	0	0	0	0	3	0	14	0	0	0
L16	2	0	12	0	0	0	0	0	0	0	0	1	0	0	0	0	5	0	13	0	0	1
L17	1	0	0	0	0	0	0	0	0	0	0	0	0	0	0	0	5	0	21	0	0	2
L18	2	0	12	0	0	0	1	0	0	0	0	0	0	0	0	0	3	0	17	0	0	1
L19	0	1	25	0	0	0	0	0	0	0	0	0	0	0	0	0	5	0	11	0	0	5
L20	0	0	60	0	0	9	0	0	0	0	0	1	0	0	0	0	6	0	19	0	0	0
L21	0	1	31	0	0	1	0	0	0	0	0	0	0	0	0	0	7	0	14	0	0	1
L22	0	0	28	0	0	0	0	0	0	0	0	0	0	0	0	0	6	0	5	0	0	0
L23	0	0	32	0	0	0	0	0	0	0	0	1	0	0	0	0	7	2	16	0	0	4
L24	0	0	14	0	0	4	1	0	0	0	0	1	2	0	0	0	9	0	11	0	0	2
L25	2	0	20	0	0	1	0	0	0	0	0	1	0	0	0	0	3	0	8	0	0	0
L26	7	0	12	0	0	0	0	0	0	1	0	1	0	0	0	0	6	0	25	0	0	3
L27	0	0	3	0	0	2	0	0	0	0	0	2	0	0	0	0	8	0	20	0	0	3
L28	4	0	7	0	0	7	0	0	0	0	0	4	0	0	0	0	8	0	45	0	0	0
L29	0	0	8	0	0	0	0	0	0	0	0	4	0	0	0	0	8	0	9	0	0	0
L30	1	0	15	0	0	15	0	0	0	0	0	2	0	0	0	0	4	0	10	0	0	0
L31	2	0	8	0	0	0	0	0	0	0	0	2	0	0	0	0	5	1	6	0	0	0
L32	2	0	16	0	0	9	0	0	0	0	0	7	0	0	0	0	8	0	6	0	0	1
L33	5	0	12	0	0	11	1	0	0	0	0	3	0	0	0	0	9	1	7	0	0	0
L34	1	0	11	0	0	0	0	0	0	0	0	3	0	0	0	0	3	0	14	0	0	1
L35	0	0	0	0	0	0	0	0	0	0	0	4	0	0	0	0	1	1	6	0	0	3
L36	0	0	5	0	0	0	1	0	0	0	0	0	0	0	0	0	3	1	12	0	0	0
L37	0	1	15	0	0	0	1	0	0	0	0	1	0	0	0	0	6	1	17	0	0	1
L38	1	0	6	0	0	0	0	0	0	0	0	1	0	0	0	0	4	1	18	0	0	1
L39	3	0	11	0	0	0	0	0	0	0	0	1	0	0	0	0	2	0	7	0	0	6
L40	24	0	9	0	0	0	0	0	0	0	0	1	0	0	0	0	2	0	12	0	1	0
M01	26	0	18	0	0	0	0	0	0	0	0	3	0	0	0	0	0	0	15	0	0	2
M02	13	0	12	0	0	0	1	0	0	0	0	0	0	0	0	0	0	0	18	0	0	0
M03	5	0	4	0	0	0	0	0	0	0	0	0	0	0	0	0	0	0	34	0	0	0
M04	3	0	2	0	0	0	0	0	0	0	0	0	0	0	0	0	2	0	11	0	0	0
M05	8	0	11	0	0	0	0	0	0	0	0	1	0	0	0	0	0	0	10	0	0	3
M06	0	0	18	0	0	0	0	0	0	0	0	1	0	0	0	0	0	0	17	0	0	0
M07	3	0	12	0	0	0	0	0	0	0	0	0	0	0	0	0	0	0	21	0	0	1
M08	3	0	11	0	0	0	0	1	0	0	0	0	0	0	0	0	1	0	8	0	0	0
M09	5	0	10	0	0	0	0	0	0	0	0	0	0	0	0	0	1	0	13	0	0	2
M10	1	0	2	0	0	0	0	0	0	0	0	0	0	0	0	0	2	0	16	0	0	0
M11	4	0	4	0	0	0	0	0	0	0	0	0	0	0	0	0	0	0	17	0	0	0
M12	0	0	5	0	0	0	0	0	0	0	0	1	0	0	0	0	1	0	13	0	0	1
M13	4	0	11	0	0	1	0	0	0	0	0	1	0	0	0	0	0	0	13	0	0	0
M14	8	0	12	0	0	0	0	0	0	0	0	0	0	0	0	0	1	0	16	0	0	0
M15	2	0	5	0	0	3	0	0	0	0	0	1	0	0	0	0	2	0	21	0	0	1
M16	0	0	5	0	0	0	0	0	0	0	0	0	0	0	0	0	0	0	14	0	0	0
M17	2	0	8	0	0	0	0	0	0	0	0	0	0	0	0	0	3	0	17	0	0	1
M18	0	0	64	0	0	0	0	0	0	0	0	0	0	0	0	0	7	0	9	0	0	0
M19	1	0	47	3	0	0	0	0	0	0	0	0	0	0	0	0	11	0	14	0	0	0
M20	1	0	15	0	0	15	0	0	0	0	0	0	0	0	0	0	7	0	18	0	0	5
M21	1	0	3	0	0	0	0	0	0	0	0	0	0	0	0	0	6	0	6	0	0	0
M22	2	0	3	0	0	0	0	0	0	0	0	0	0	0	0	0	2	0	13	0	0	0
M23	4	3	13	0	0	5	0	0	0	0	0	0	0	0	0	0	5	0	47	0	0	2
M24	0	2	25	0	0	5	0	0	0	0	0	0	0	0	0	0	2	0	17	0	0	1
M25	3	0	26	0	0	0	0	0	0	0	0	2	0	0	0	0	5	0	6	0	0	3
M26	1	0	24	0	0	0	0	0	0	0	0	1	0	0	0	0	9	2	12	0	1	6
M27	0	0	30	0	0	1	0	0	0	0	0	1	0	0	0	0	5	1	8	0	0	1
M28	3	0	6	1	0	0	0	0	0	0	0	1	0	0	0	0	3	0	14	0	0	0
M29	8	0	11	0	0	4	0	0	0	0	0	0	0	0	0	0	3	2	15	0	0	2
M30	2	1	2	0	0	0	0	0	0	0	0	0	0	0	0	0	2	4	15	0	0	1
M31	1	0	5	0	0	0	0	0	0	0	0	0	0	0	0	0	4	2	10	0	0	2
M32	2	0	9	0	0	0	0	0	0	0	0	2	0	0	0	0	2	0	11	0	0	0
M33	2	0	8	0	0	0	0	0	0	0	0	1	0	0	0	0	2	0	9	0	5	12
M34	0	1	6	0	0	2	0	0	0	0	0	0	0	0	0	2	2	0	22	0	1	5
M35	0	0	11	0	0	1	0	0	0	0	0	1	0	0	0	0	1	1	12	0	0	0
M36	0	2	36	0	0	1	0	0	0	0	0	0	0	0	0	0	2	1	10	0	0	0
M37	0	1	48	0	0	1	0	0	0	0	0	1	0	0	0	0	3	1	18	0	0	0
M38	2	0	32	0	0	0	0	0	0	0	0	1	0	0	0	0	6	4	13	0	0	0
M39	2	0	11	0	0	0	0	0	0	0	0	3	0	0	0	0	0	0	7	0	0	4
M40	4	0	4	0	0	0	0	0	0	0	0	0	0	0	0	0	1	1	13	0	0	4
N01	5	0	6	0	0	0	0	0	0	0	0	0	0	0	0	0	1	0	22	0	0	0
N02	12	1	18	0	0	0	0	0	0	0	0	0	0	0	0	0	2	0	17	0	0	2
N03	6	0	12	0	0	0	0	0	0	0	0	0	0	0	0	0	0	0	21	0	0	1
N04	10	0	15	0	0	0	0	0	0	0	0	0	0	0	0	0	0	0	5	0	0	1
N05	5	0	10	0	0	0	0	4	0	0	0	1	0	0	0	0	2	0	16	0	0	2
N06	2	0	15	0	0	0	0	0	0	0	0	0	0	0	0	0	1	0	15	0	0	2
N07	0	0	3	0	0	0	0	0	0	0	0	0	0	0	0	0	2	0	20	0	0	0
N08	3	0	9	0	0	0	0	0	0	0	0	0	0	0	0	0	3	0	8	0	0	0
N09	1	0	6	0	0	0	0	0	0	0	0	1	3	0	0	0	2	0	13	0	0	0
N10	0	0	12	0	0	0	0	0	0	0	0	0	5	0	0	0	1	0	15	0	0	0
N11	0	0	5	0	0	0	0	0	0	0	0	0	0	0	0	0	0	0	23	0	0	2
N12	0	0	5	0	0	0	0	0	0	0	0	1	0	0	0	0	2	0	20	0	0	1
N13	1	0	18	0	0	0	0	0	0	0	0	1	0	0	0	0	1	0	15	0	0	0
N14	5	0	19	0	0	2	1	0	0	0	0	0	0	0	0	0	1	0	17	0	0	3
N15	1	0	4	0	0	1	0	0	0	0	0	0	0	0	0	0	1	0	26	0	0	3
N16	0	0	5	0	0	0	0	0	0	0	0	0	0	0	0	0	4	2	11	0	0	5
N17	1	0	45	1	0	0	0	0	0	0	0	0	0	0	0	0	1	1	10	0	0	8
N18	1	0	43	1	0	11	0	0	0	0	0	0	0	0	0	0	6	0	37	0	0	4
N19	1	0	4	0	0	0	0	0	0	0	0	0	0	0	0	0	3	0	20	0	0	11
N20	0	0	1	0	0	0	0	0	0	0	0	0	0	0	0	0	2	0	15	0	0	6
N21	1	0	1	0	0	0	0	0	0	0	0	0	0	0	0	0	2	0	11	0	0	1
N22	3	0	8	0	0	0	0	0	0	0	0	1	0	0	0	0	1	0	16	0	0	0
N23	10	1	7	0	0	0	0	0	0	0	0	0	0	0	0	0	4	1	18	0	0	0
N24	8	0	5	0	0	0	0	0	0	0	0	0	0	0	0	0	2	0	23	0	0	7
N25	8	0	3	0	0	0	0	0	0	0	0	0	0	0	0	0	1	0	39	0	0	3
N26	6	0	7	0	0	0	0	0	0	0	0	0	0	0	0	0	1	0	23	0	0	2
N27	1	0	6	0	0	1	1	0	0	0	0	0	0	0	0	0	2	0	24	0	0	1
N28	0	0	4	0	0	0	0	0	0	0	0	1	0	0	0	0	3	1	14	0	0	1
N29	0	2	1	0	0	21	0	0	0	0	0	0	0	0	0	0	4	3	12	0	0	4
N30	3	0	8	0	0	12	0	0	0	0	0	0	0	0	0	0	3	6	16	0	0	6
N31	2	0	11	0	0	5	0	0	0	0	0	0	0	0	0	0	2	3	14	0	0	0
N32	2	0	14	0	0	0	0	0	0	0	0	1	0	0	0	0	6	2	14	0	0	1
N33	4	1	17	0	0	16	0	0	0	0	0	0	0	0	0	0	5	3	10	0	5	25
N34	0	1	18	0	0	0	0	0	0	0	0	1	0	0	0	0	1	1	39	0	2	6
N35	1	1	14	0	0	0	0	0	0	0	0	2	0	0	0	0	3	1	8	0	0	1
N36	0	1	21	0	0	0	0	0	0	1	0	2	0	0	0	0	7	3	5	0	0	0
N37	0	0	13	0	0	0	0	0	0	0	0	2	0	0	0	0	3	0	12	0	0	0
N38	0	0	24	0	0	0	0	0	0	0	0	0	0	0	0	0	2	2	9	0	0	0
N39	1	0	20	0	0	0	0	0	0	0	0	0	0	0	0	0	6	3	7	0	0	0
N40	0	0	15	0	0	0	0	0	0	0	0	3	0	0	0	0	2	1	5	0	0	0
O01	3	0	39	0	0	0	0	0	0	0	0	1	0	0	0	0	0	0	7	0	0	0
O02	5	0	34	0	0	1	0	0	0	0	0	0	0	0	0	0	4	0	10	0	0	2
O03	0	0	20	0	0	0	0	0	0	0	0	0	0	0	0	0	0	2	9	0	0	0
O04	3	0	34	0	0	0	0	0	0	0	0	1	0	0	0	0	4	0	4	0	0	0
O05	2	0	24	0	0	1	0	0	0	0	0	0	0	0	0	0	2	1	18	0	0	0
O06	3	0	13	0	0	0	0	0	0	0	0	0	0	0	0	0	0	0	17	0	0	0
O07	1	0	4	0	0	0	0	0	0	0	0	0	0	0	0	0	1	0	15	0	0	0
O08	0	0	9	0	0	0	0	0	0	0	0	0	0	0	0	0	0	0	19	0	0	0
O09	1	0	17	0	1	1	0	0	0	0	0	2	17	0	0	0	0	0	5	0	0	2
O10	0	1	17	0	1	2	2	0	0	0	0	0	36	0	0	0	4	0	8	0	0	0
O11	0	0	14	0	0	0	0	0	0	0	0	1	4	0	0	0	1	0	14	0	0	0
O12	1	0	10	0	0	0	0	0	0	0	0	0	0	0	0	0	0	0	17	0	0	3
O13	0	0	24	0	0	0	0	0	1	0	0	0	0	0	0	0	7	0	12	0	0	0
O14	0	0	7	0	0	1	0	0	0	0	0	0	0	0	0	0	0	0	13	0	0	0
O15	3	0	19	0	0	3	0	0	0	0	0	0	0	0	0	0	2	0	14	0	0	2
O16	0	0	71	0	0	0	0	0	0	0	0	0	0	0	0	0	0	0	1	0	0	0
O17	3	0	33	0	0	0	0	0	0	0	0	0	0	0	0	0	1	3	21	0	0	6
O18	8	0	6	0	0	0	0	0	0	0	0	0	0	0	0	0	1	2	52	0	0	12
O19	2	0	9	0	0	0	0	0	0	0	0	0	0	0	0	0	5	0	20	0	0	12
O20	1	0	9	0	0	0	0	0	0	0	0	1	0	0	0	0	8	1	29	0	0	2
O21	23	0	5	0	0	0	0	0	0	0	0	0	0	0	0	0	8	0	12	0	0	8
O22	18	0	5	0	0	0	0	0	0	0	0	0	0	0	0	0	3	0	15	0	0	0
O23	16	0	5	0	0	0	2	0	0	0	0	0	0	0	0	0	2	1	14	0	0	2
O24	4	0	4	0	0	0	1	0	0	0	0	0	0	0	0	0	0	0	12	0	0	2
O25	19	0	4	0	0	0	0	0	0	0	0	0	0	0	0	0	2	0	25	0	0	0
O26	5	0	3	0	0	0	0	0	0	0	0	0	0	0	0	0	3	0	20	0	0	5
O27	1	0	3	0	0	0	0	0	0	0	0	0	0	0	0	0	3	0	20	0	0	1
O28	0	0	6	0	0	0	0	0	0	0	0	0	0	0	0	0	1	0	15	0	0	1
O29	1	0	12	0	0	4	0	0	0	0	0	1	0	0	0	0	0	1	39	0	0	5
O30	1	0	21	0	0	15	0	0	0	0	0	0	0	0	0	0	0	2	17	0	0	1
O31	4	0	21	0	0	7	0	0	0	0	0	0	0	0	0	0	1	2	7	0	0	4
O32	2	0	16	0	0	0	1	0	0	0	0	2	0	0	0	0	1	1	10	0	0	1
O33	7	0	13	0	0	4	0	0	0	0	0	3	0	0	0	0	0	3	6	0	0	7
O34	2	0	10	0	0	0	0	0	0	0	0	3	0	0	0	0	0	2	40	0	1	14
O35	1	0	40	0	0	1	0	0	0	0	0	1	0	0	1	0	1	1	30	1	2	11
O36	0	1	30	0	0	0	0	0	0	0	0	2	0	0	0	0	1	3	19	0	0	5
O37	0	1	19	0	0	0	0	0	0	0	0	1	0	0	0	0	3	6	8	0	0	0
O38	0	0	43	0	0	0	0	0	0	0	0	1	0	0	0	0	3	2	13	0	0	0
O39	0	0	9	0	0	0	0	0	0	0	0	4	0	0	0	0	2	3	4	0	0	0
O40	1	0	20	0	0	0	0	0	0	0	0	1	0	0	0	0	2	3	8	0	0	1
P01	1	0	52	0	0	0	0	0	0	0	0	0	0	0	0	0	5	0	5	0	0	0
P02	1	0	39	0	0	8	1	0	0	0	0	0	0	0	0	0	4	1	5	0	0	0
P03	1	0	68	0	0	3	0	0	0	0	0	4	0	0	0	0	0	0	5	0	0	0
P04	0	0	24	0	0	4	0	0	0	0	0	3	0	0	0	0	0	2	12	0	0	0
P05	2	0	21	0	0	0	0	0	0	0	0	2	0	0	0	0	6	0	5	0	0	1
P06	1	0	21	0	0	0	0	0	0	0	0	0	0	0	0	0	3	0	5	0	0	0
P07	1	0	15	0	0	0	0	0	0	0	0	1	0	0	0	0	2	0	19	0	0	0
P08	1	0	3	0	0	0	0	0	0	0	0	0	0	0	0	0	2	0	14	0	0	1
P09	8	2	2	0	0	1	1	0	0	0	0	0	4	0	0	0	3	0	27	0	0	5
P10	0	0	10	0	0	0	0	0	0	0	0	2	23	0	0	0	2	0	15	0	1	5
P11	1	0	35	0	0	2	2	0	0	0	0	0	0	0	0	0	4	0	17	0	0	3
P12	0	0	15	0	0	0	0	0	0	0	0	0	0	0	0	0	1	0	15	0	0	0
P13	0	0	13	0	0	0	1	0	0	0	0	0	0	0	0	0	0	1	18	0	0	3
P14	0	0	6	0	0	1	0	0	0	0	0	0	0	0	0	0	0	2	15	0	0	2
P15	0	0	42	0	0	0	0	0	0	0	0	0	0	0	0	0	6	0	8	0	0	2
P16	0	0	61	0	0	0	0	0	0	0	0	0	0	0	0	0	3	4	22	0	0	0
P17	1	0	10	0	0	0	0	0	0	0	0	0	0	0	0	0	1	2	11	0	0	1
P18	0	0	0	0	0	0	0	0	0	0	0	1	0	0	0	0	1	1	12	0	0	2
P19	3	0	0	0	0	0	0	0	0	0	0	1	0	0	0	0	5	0	13	0	0	0
P20	9	0	13	0	0	0	0	0	0	0	0	1	0	0	0	0	8	0	8	0	0	0
P21	41	0	2	0	0	0	0	0	0	0	0	0	0	0	0	0	4	2	30	0	0	3
P22	17	0	3	0	0	0	0	0	0	0	0	0	0	0	0	0	1	0	27	0	0	1
P23	7	1	2	0	0	0	1	0	0	0	0	0	0	0	0	0	2	1	23	0	0	1
P24	5	0	10	0	0	0	0	0	0	0	0	0	0	0	0	0	0	0	13	0	0	1
P25	7	0	9	0	0	0	0	0	0	0	0	0	0	0	0	0	3	0	18	0	0	7
P26	13	0	17	0	0	1	0	2	0	0	0	1	0	0	0	0	4	0	25	0	0	1
P27	20	0	4	0	0	0	0	0	0	0	0	2	0	0	0	0	1	0	19	0	0	3
P28	3	0	3	0	0	0	0	0	0	0	0	2	0	0	0	0	1	1	13	0	0	3
P29	3	0	13	0	0	0	0	0	0	0	0	0	0	0	0	0	5	0	8	0	0	0
P30	1	0	15	0	0	1	1	0	0	0	0	0	0	0	0	0	1	1	13	0	1	3
P31	15	0	11	0	0	0	0	0	0	0	0	1	0	0	0	0	2	1	11	0	1	2
P32	21	0	6	0	0	0	0	0	0	0	0	2	0	0	0	0	2	2	5	0	0	0
P33	9	0	7	0	0	0	0	0	0	0	0	1	0	0	0	0	0	0	9	0	0	2
P34	0	0	8	1	0	0	1	0	0	0	0	1	0	0	0	0	0	1	11	0	1	5
P35	2	0	3	0	0	0	0	0	0	0	0	0	0	0	0	0	2	2	39	0	3	16
P36	0	0	6	0	0	0	0	0	0	0	0	1	0	0	0	0	1	2	13	0	2	10
P37	0	0	37	0	0	0	0	0	0	0	0	1	0	0	0	0	0	0	19	0	0	0
P38	0	0	13	0	0	0	0	0	0	0	0	1	0	0	0	0	0	4	10	0	0	2
P39	0	0	33	0	0	0	0	0	0	0	0	0	0	0	0	0	0	1	16	0	0	1
P40	0	0	29	0	0	0	0	0	0	0	0	2	0	0	0	0	0	3	14	0	0	0
